   2001 59 59 /NS,NP,NPFIT
   1  2  3  4  5  6  7  8  9 10 
  11 12 13 14 15 16 17 18 19 20
  21 22 23 24 25 26 27 28 29 30
  31 32 33 34 35 36 37 38 39 40
  41 42 43 44 45 46 47 48 49 50
  51 52 53 54 55 56 57 58 59    /(IPFIT(I),I=1,NPFIT)
1.0  1.0
 0.24  -0.91  0.019
-0.25  -0.81  0.022
 0.21  -0.69  0.019
-0.26  -0.61  0.027
 0.28  -0.52  0.017
-0.20  -0.39  0.024
 0.22  -0.28  0.015
-0.28  -0.19  0.011
 0.20  -0.09  0.027
-0.27   0.02  0.022
 0.26   0.12  0.016
-0.24   0.22  0.023
 0.22   0.31  0.023
-0.23   0.37  0.014
 0.27   0.52  0.021
-0.23   0.58  0.017
 0.26   0.69  0.023
-0.24   0.82  0.024
 0.24   0.88  0.019 /PA
    1.E-5  200  1/EPSR,MAXX,IPRSW
 -0.9990000     -0.1071048E-01  0.2000000E-01
 -0.9980000      0.3593308E-01  0.2000000E-01
 -0.9970000      0.4100581E-01  0.2000000E-01
 -0.9960000      0.4342116E-01  0.2000000E-01
 -0.9950000      0.4523870E-03  0.2000000E-01
 -0.9940000     -0.7487718E-02  0.2000000E-01
 -0.9930000      0.3434679E-01  0.2000000E-01
 -0.9920000      0.4676473E-02  0.2000000E-01
 -0.9910000      0.4266542E-01  0.2000000E-01
 -0.9900000      0.2198555E-02  0.2000000E-01
 -0.9890000      0.4643071E-01  0.2000000E-01
 -0.9880000     -0.5980851E-02  0.2000000E-01
 -0.9870000      0.4630213E-01  0.2000000E-01
 -0.9860000      0.3885651E-02  0.2000000E-01
 -0.9850000     -0.8943871E-02  0.2000000E-01
 -0.9840000      0.1513494E-01  0.2000000E-01
 -0.9830000      0.1413956E-01  0.2000000E-01
 -0.9820000      0.4724342E-01  0.2000000E-01
 -0.9810000      0.1389550E-01  0.2000000E-01
 -0.9800000      0.1565915E-01  0.2000000E-01
 -0.9790000      0.3568009E-01  0.2000000E-01
 -0.9780000      0.3663655E-01  0.2000000E-01
 -0.9770000      0.6519083E-02  0.2000000E-01
 -0.9760000      0.1484687E-01  0.2000000E-01
 -0.9750000      0.3797784E-01  0.2000000E-01
 -0.9740000      0.1968923E-01  0.2000000E-01
 -0.9730000      0.3662809E-01  0.2000000E-01
 -0.9720000      0.5199620E-01  0.2000000E-01
 -0.9710000      0.8240617E-01  0.2000000E-01
 -0.9700000      0.4104720E-01  0.2000000E-01
 -0.9690000      0.4166786E-01  0.2000000E-01
 -0.9680000      0.2764663E-01  0.2000000E-01
 -0.9670000      0.7554453E-01  0.2000000E-01
 -0.9660000      0.4075146E-01  0.2000000E-01
 -0.9650000      0.3834785E-01  0.2000000E-01
 -0.9640000      0.5351862E-01  0.2000000E-01
 -0.9630000      0.4955184E-01  0.2000000E-01
 -0.9620000      0.6138094E-01  0.2000000E-01
 -0.9610000      0.9140477E-01  0.2000000E-01
 -0.9600000      0.8325521E-01  0.2000000E-01
 -0.9590000      0.4483409E-01  0.2000000E-01
 -0.9580000      0.8481912E-01  0.2000000E-01
 -0.9570000      0.6916878E-01  0.2000000E-01
 -0.9560000      0.8455592E-01  0.2000000E-01
 -0.9550000      0.5413737E-01  0.2000000E-01
 -0.9540000      0.7076217E-01  0.2000000E-01
 -0.9530000      0.7350502E-01  0.2000000E-01
 -0.9520000      0.8814110E-01  0.2000000E-01
 -0.9510000      0.6564936E-01  0.2000000E-01
 -0.9500000      0.6647459E-01  0.2000000E-01
 -0.9490000      0.5492113E-01  0.2000000E-01
 -0.9480000      0.7179562E-01  0.2000000E-01
 -0.9470000      0.7057280E-01  0.2000000E-01
 -0.9460000      0.8575342E-01  0.2000000E-01
 -0.9450000      0.1189919      0.2000000E-01
 -0.9440000      0.7464264E-01  0.2000000E-01
 -0.9430000      0.8466985E-01  0.2000000E-01
 -0.9420000      0.8313650E-01  0.2000000E-01
 -0.9410000      0.1095774      0.2000000E-01
 -0.9400000      0.1046528      0.2000000E-01
 -0.9390000      0.9639423E-01  0.2000000E-01
 -0.9380000      0.1301395      0.2000000E-01
 -0.9370000      0.9906353E-01  0.2000000E-01
 -0.9360000      0.1062851      0.2000000E-01
 -0.9350000      0.1233825      0.2000000E-01
 -0.9340000      0.1010345      0.2000000E-01
 -0.9330000      0.1128355      0.2000000E-01
 -0.9320000      0.1134947      0.2000000E-01
 -0.9310000      0.1506284      0.2000000E-01
 -0.9300000      0.1277870      0.2000000E-01
 -0.9290000      0.1126253      0.2000000E-01
 -0.9280000      0.1778561      0.2000000E-01
 -0.9270000      0.1786219      0.2000000E-01
 -0.9260000      0.1763547      0.2000000E-01
 -0.9250000      0.1728678      0.2000000E-01
 -0.9240000      0.1676444      0.2000000E-01
 -0.9230000      0.1676502      0.2000000E-01
 -0.9220000      0.1769281      0.2000000E-01
 -0.9210000      0.1733825      0.2000000E-01
 -0.9200000      0.1921601      0.2000000E-01
 -0.9190000      0.2152340      0.2000000E-01
 -0.9180000      0.2237614      0.2000000E-01
 -0.9170000      0.2077401      0.2000000E-01
 -0.9160000      0.2750972      0.2000000E-01
 -0.9150000      0.2470726      0.2000000E-01
 -0.9140000      0.2198811      0.2000000E-01
 -0.9130000      0.2180843      0.2000000E-01
 -0.9120000      0.2922412      0.2000000E-01
 -0.9110000      0.2639137      0.2000000E-01
 -0.9100000      0.2749341      0.2000000E-01
 -0.9090000      0.2618436      0.2000000E-01
 -0.9080000      0.3159122      0.2000000E-01
 -0.9070000      0.3070499      0.2000000E-01
 -0.9060000      0.3423668      0.2000000E-01
 -0.9050000      0.3559499      0.2000000E-01
 -0.9040000      0.3180246      0.2000000E-01
 -0.9030000      0.3580378      0.2000000E-01
 -0.9020000      0.3456937      0.2000000E-01
 -0.9010000      0.3779304      0.2000000E-01
 -0.9000000      0.3716653      0.2000000E-01
 -0.8990000      0.3167113      0.2000000E-01
 -0.8980000      0.3671799      0.2000000E-01
 -0.8970000      0.3382266      0.2000000E-01
 -0.8960000      0.3561019      0.2000000E-01
 -0.8950000      0.3230955      0.2000000E-01
 -0.8940000      0.3293446      0.2000000E-01
 -0.8930000      0.2985078      0.2000000E-01
 -0.8920000      0.3323430      0.2000000E-01
 -0.8910000      0.3067159      0.2000000E-01
 -0.8900000      0.2698132      0.2000000E-01
 -0.8890000      0.2918399      0.2000000E-01
 -0.8880000      0.3220531      0.2000000E-01
 -0.8870000      0.2940548      0.2000000E-01
 -0.8860000      0.2811264      0.2000000E-01
 -0.8850000      0.2872145      0.2000000E-01
 -0.8840000      0.2589603      0.2000000E-01
 -0.8830000      0.2471526      0.2000000E-01
 -0.8820000      0.2261224      0.2000000E-01
 -0.8810000      0.2316209      0.2000000E-01
 -0.8800000      0.2394978      0.2000000E-01
 -0.8790000      0.1976746      0.2000000E-01
 -0.8780000      0.2006666      0.2000000E-01
 -0.8770000      0.2243847      0.2000000E-01
 -0.8760000      0.2312124      0.2000000E-01
 -0.8750000      0.2111293      0.2000000E-01
 -0.8740000      0.2009255      0.2000000E-01
 -0.8730000      0.1893550      0.2000000E-01
 -0.8720000      0.1960080      0.2000000E-01
 -0.8710000      0.2048308      0.2000000E-01
 -0.8700000      0.1763413      0.2000000E-01
 -0.8690000      0.1915052      0.2000000E-01
 -0.8680000      0.1935566      0.2000000E-01
 -0.8670000      0.1711459      0.2000000E-01
 -0.8660000      0.1633682      0.2000000E-01
 -0.8650000      0.1714552      0.2000000E-01
 -0.8640000      0.1708158      0.2000000E-01
 -0.8630000      0.2069915      0.2000000E-01
 -0.8620000      0.1291818      0.2000000E-01
 -0.8610000      0.1468431      0.2000000E-01
 -0.8600000      0.1591467      0.2000000E-01
 -0.8590000      0.1662178      0.2000000E-01
 -0.8580000      0.1626165      0.2000000E-01
 -0.8570000      0.1464325      0.2000000E-01
 -0.8560000      0.1717351      0.2000000E-01
 -0.8550000      0.1781998      0.2000000E-01
 -0.8540000      0.1381529      0.2000000E-01
 -0.8530000      0.1202702      0.2000000E-01
 -0.8520000      0.1445969      0.2000000E-01
 -0.8510000      0.1470910      0.2000000E-01
 -0.8500000      0.1528583      0.2000000E-01
 -0.8490000      0.1551586      0.2000000E-01
 -0.8480000      0.1664264      0.2000000E-01
 -0.8470000      0.1135062      0.2000000E-01
 -0.8460000      0.1225683      0.2000000E-01
 -0.8450000      0.1409429      0.2000000E-01
 -0.8440000      0.1492196      0.2000000E-01
 -0.8430000      0.1446417      0.2000000E-01
 -0.8420000      0.1486459      0.2000000E-01
 -0.8410000      0.1449636      0.2000000E-01
 -0.8400000      0.1766914      0.2000000E-01
 -0.8390000      0.1636371      0.2000000E-01
 -0.8380000      0.1275602      0.2000000E-01
 -0.8370000      0.1069840      0.2000000E-01
 -0.8360000      0.1407701      0.2000000E-01
 -0.8350000      0.1193176      0.2000000E-01
 -0.8340000      0.1425151      0.2000000E-01
 -0.8330000      0.8282048E-01  0.2000000E-01
 -0.8320000      0.1267060      0.2000000E-01
 -0.8310000      0.1280807      0.2000000E-01
 -0.8300000      0.1142446      0.2000000E-01
 -0.8290000      0.1627321      0.2000000E-01
 -0.8280000      0.1057386      0.2000000E-01
 -0.8270000      0.1401435      0.2000000E-01
 -0.8260000      0.4062151E-01  0.2000000E-01
 -0.8250000      0.9712264E-01  0.2000000E-01
 -0.8240000      0.8814880E-01  0.2000000E-01
 -0.8230000      0.8198515E-01  0.2000000E-01
 -0.8220000      0.1138195      0.2000000E-01
 -0.8210000      0.9205514E-01  0.2000000E-01
 -0.8200000      0.8171575E-01  0.2000000E-01
 -0.8190000      0.9326492E-01  0.2000000E-01
 -0.8180000      0.6778672E-01  0.2000000E-01
 -0.8170000      0.5582042E-01  0.2000000E-01
 -0.8160000      0.4108747E-01  0.2000000E-01
 -0.8150000      0.5731834E-01  0.2000000E-01
 -0.8140000      0.7913647E-01  0.2000000E-01
 -0.8130000      0.1317423E-01  0.2000000E-01
 -0.8120000      0.1775310E-01  0.2000000E-01
 -0.8110000      0.1623895E-01  0.2000000E-01
 -0.8100000      0.4071925E-01  0.2000000E-01
 -0.8090000      0.3679316E-01  0.2000000E-01
 -0.8080000     -0.2065480E-01  0.2000000E-01
 -0.8070000     -0.3457317E-01  0.2000000E-01
 -0.8060000      0.4157905E-02  0.2000000E-01
 -0.8050000     -0.3153885E-01  0.2000000E-01
 -0.8040000     -0.2862532E-01  0.2000000E-01
 -0.8030000      0.5421591E-02  0.2000000E-01
 -0.8020000     -0.4431882E-01  0.2000000E-01
 -0.8010000     -0.3258878E-01  0.2000000E-01
 -0.8000000     -0.4279563E-01  0.2000000E-01
 -0.7990000     -0.2990801E-01  0.2000000E-01
 -0.7980000     -0.5561197E-01  0.2000000E-01
 -0.7970000     -0.4016617E-03  0.2000000E-01
 -0.7960000     -0.5733141E-02  0.2000000E-01
 -0.7950000     -0.2548900E-01  0.2000000E-01
 -0.7940000      0.1662142E-01  0.2000000E-01
 -0.7930000     -0.1568014E-01  0.2000000E-01
 -0.7920000      0.2355699E-01  0.2000000E-01
 -0.7910000      0.1214017E-01  0.2000000E-01
 -0.7900000      0.1588760E-01  0.2000000E-01
 -0.7890000      0.2517318E-01  0.2000000E-01
 -0.7880000      0.6668674E-01  0.2000000E-01
 -0.7870000      0.8283128E-01  0.2000000E-01
 -0.7860000      0.5835098E-01  0.2000000E-01
 -0.7850000      0.8550976E-01  0.2000000E-01
 -0.7840000      0.1161920      0.2000000E-01
 -0.7830000      0.8351722E-01  0.2000000E-01
 -0.7820000      0.9601743E-01  0.2000000E-01
 -0.7810000      0.1166492      0.2000000E-01
 -0.7800000      0.1128541      0.2000000E-01
 -0.7790000      0.6426725E-01  0.2000000E-01
 -0.7780000      0.1546918      0.2000000E-01
 -0.7770000      0.1650635      0.2000000E-01
 -0.7760000      0.1224873      0.2000000E-01
 -0.7750000      0.1528917      0.2000000E-01
 -0.7740000      0.1652915      0.2000000E-01
 -0.7730000      0.1826252      0.2000000E-01
 -0.7720000      0.1972354      0.2000000E-01
 -0.7710000      0.1818544      0.2000000E-01
 -0.7700000      0.1793202      0.2000000E-01
 -0.7690000      0.1875468      0.2000000E-01
 -0.7680000      0.2141313      0.2000000E-01
 -0.7670000      0.1962474      0.2000000E-01
 -0.7660000      0.1775576      0.2000000E-01
 -0.7650000      0.2126010      0.2000000E-01
 -0.7640000      0.1975870      0.2000000E-01
 -0.7630000      0.1784694      0.2000000E-01
 -0.7620000      0.1955509      0.2000000E-01
 -0.7610000      0.1838628      0.2000000E-01
 -0.7600000      0.2323388      0.2000000E-01
 -0.7590000      0.2128118      0.2000000E-01
 -0.7580000      0.2414405      0.2000000E-01
 -0.7570000      0.2197639      0.2000000E-01
 -0.7560000      0.2145755      0.2000000E-01
 -0.7550000      0.2218904      0.2000000E-01
 -0.7540000      0.2477301      0.2000000E-01
 -0.7530000      0.2180466      0.2000000E-01
 -0.7520000      0.2460326      0.2000000E-01
 -0.7510000      0.2785541      0.2000000E-01
 -0.7500000      0.2422781      0.2000000E-01
 -0.7490000      0.2552593      0.2000000E-01
 -0.7480000      0.2701348      0.2000000E-01
 -0.7470000      0.2669394      0.2000000E-01
 -0.7460000      0.2596547      0.2000000E-01
 -0.7450000      0.2819347      0.2000000E-01
 -0.7440000      0.2747269      0.2000000E-01
 -0.7430000      0.2468020      0.2000000E-01
 -0.7420000      0.2578079      0.2000000E-01
 -0.7410000      0.2985421      0.2000000E-01
 -0.7400000      0.2653484      0.2000000E-01
 -0.7390000      0.3057527      0.2000000E-01
 -0.7380000      0.2889979      0.2000000E-01
 -0.7370000      0.2887339      0.2000000E-01
 -0.7360000      0.3212342      0.2000000E-01
 -0.7350000      0.2965296      0.2000000E-01
 -0.7340000      0.3268792      0.2000000E-01
 -0.7330000      0.3195816      0.2000000E-01
 -0.7320000      0.3467547      0.2000000E-01
 -0.7310000      0.3565005      0.2000000E-01
 -0.7300000      0.3663525      0.2000000E-01
 -0.7290000      0.3155433      0.2000000E-01
 -0.7280000      0.3031979      0.2000000E-01
 -0.7270000      0.3011936      0.2000000E-01
 -0.7260000      0.3762286      0.2000000E-01
 -0.7250000      0.3686754      0.2000000E-01
 -0.7240000      0.3777817      0.2000000E-01
 -0.7230000      0.3625090      0.2000000E-01
 -0.7220000      0.3586833      0.2000000E-01
 -0.7210000      0.3792859      0.2000000E-01
 -0.7200000      0.3809764      0.2000000E-01
 -0.7190000      0.4064706      0.2000000E-01
 -0.7180000      0.3943837      0.2000000E-01
 -0.7170000      0.4047736      0.2000000E-01
 -0.7160000      0.3854365      0.2000000E-01
 -0.7150000      0.4219189      0.2000000E-01
 -0.7140000      0.4112348      0.2000000E-01
 -0.7130000      0.5034603      0.2000000E-01
 -0.7120000      0.4799806      0.2000000E-01
 -0.7110000      0.4301038      0.2000000E-01
 -0.7100000      0.4422884      0.2000000E-01
 -0.7090000      0.4990833      0.2000000E-01
 -0.7080000      0.4812954      0.2000000E-01
 -0.7070000      0.5377190      0.2000000E-01
 -0.7060000      0.5149317      0.2000000E-01
 -0.7050000      0.5081057      0.2000000E-01
 -0.7040000      0.4889309      0.2000000E-01
 -0.7030000      0.4857819      0.2000000E-01
 -0.7020000      0.5325852      0.2000000E-01
 -0.7010000      0.5876852      0.2000000E-01
 -0.7000000      0.5776802      0.2000000E-01
 -0.6990000      0.5258250      0.2000000E-01
 -0.6980000      0.5055536      0.2000000E-01
 -0.6970000      0.5023381      0.2000000E-01
 -0.6960000      0.5077425      0.2000000E-01
 -0.6950000      0.5074337      0.2000000E-01
 -0.6940000      0.4953256      0.2000000E-01
 -0.6930000      0.5283005      0.2000000E-01
 -0.6920000      0.5075543      0.2000000E-01
 -0.6910000      0.4998835      0.2000000E-01
 -0.6900000      0.4981551      0.2000000E-01
 -0.6890000      0.4799712      0.2000000E-01
 -0.6880000      0.4534386      0.2000000E-01
 -0.6870000      0.4790264      0.2000000E-01
 -0.6860000      0.4588216      0.2000000E-01
 -0.6850000      0.5437762      0.2000000E-01
 -0.6840000      0.4634326      0.2000000E-01
 -0.6830000      0.4287279      0.2000000E-01
 -0.6820000      0.4164814      0.2000000E-01
 -0.6810000      0.4472049      0.2000000E-01
 -0.6800000      0.4209829      0.2000000E-01
 -0.6790000      0.4444711      0.2000000E-01
 -0.6780000      0.4080087      0.2000000E-01
 -0.6770000      0.4306033      0.2000000E-01
 -0.6760000      0.4392440      0.2000000E-01
 -0.6750000      0.4310974      0.2000000E-01
 -0.6740000      0.4002719      0.2000000E-01
 -0.6730000      0.3944413      0.2000000E-01
 -0.6720000      0.3848619      0.2000000E-01
 -0.6710000      0.3932275      0.2000000E-01
 -0.6700000      0.4248208      0.2000000E-01
 -0.6690000      0.3658080      0.2000000E-01
 -0.6680000      0.3793124      0.2000000E-01
 -0.6670000      0.3787246      0.2000000E-01
 -0.6660000      0.4060795      0.2000000E-01
 -0.6650000      0.3538236      0.2000000E-01
 -0.6640000      0.3562508      0.2000000E-01
 -0.6630000      0.3566114      0.2000000E-01
 -0.6620000      0.3526917      0.2000000E-01
 -0.6610000      0.3193324      0.2000000E-01
 -0.6600000      0.3579590      0.2000000E-01
 -0.6590000      0.3580157      0.2000000E-01
 -0.6580000      0.3850346      0.2000000E-01
 -0.6570000      0.3545945      0.2000000E-01
 -0.6560000      0.3552207      0.2000000E-01
 -0.6550000      0.3538591      0.2000000E-01
 -0.6540000      0.3399499      0.2000000E-01
 -0.6530000      0.3590936      0.2000000E-01
 -0.6520000      0.3316939      0.2000000E-01
 -0.6510000      0.3453256      0.2000000E-01
 -0.6500000      0.3560934      0.2000000E-01
 -0.6490000      0.3434907      0.2000000E-01
 -0.6480000      0.3416358      0.2000000E-01
 -0.6470000      0.3402152      0.2000000E-01
 -0.6460000      0.3650864      0.2000000E-01
 -0.6450000      0.3596897      0.2000000E-01
 -0.6440000      0.3784113      0.2000000E-01
 -0.6430000      0.3360981      0.2000000E-01
 -0.6420000      0.3414197      0.2000000E-01
 -0.6410000      0.3164682      0.2000000E-01
 -0.6400000      0.3485148      0.2000000E-01
 -0.6390000      0.3708814      0.2000000E-01
 -0.6380000      0.3615519      0.2000000E-01
 -0.6370000      0.3025227      0.2000000E-01
 -0.6360000      0.2735434      0.2000000E-01
 -0.6350000      0.3340647      0.2000000E-01
 -0.6340000      0.3121141      0.2000000E-01
 -0.6330000      0.3160115      0.2000000E-01
 -0.6320000      0.3221579      0.2000000E-01
 -0.6310000      0.3223262      0.2000000E-01
 -0.6300000      0.3129786      0.2000000E-01
 -0.6290000      0.3149300      0.2000000E-01
 -0.6280000      0.2970099      0.2000000E-01
 -0.6270000      0.3303777      0.2000000E-01
 -0.6260000      0.2724423      0.2000000E-01
 -0.6250000      0.3094855      0.2000000E-01
 -0.6240000      0.2728285      0.2000000E-01
 -0.6230000      0.3103266      0.2000000E-01
 -0.6220000      0.2531633      0.2000000E-01
 -0.6210000      0.2777905      0.2000000E-01
 -0.6200000      0.3098518      0.2000000E-01
 -0.6190000      0.2660419      0.2000000E-01
 -0.6180000      0.2501740      0.2000000E-01
 -0.6170000      0.2863045      0.2000000E-01
 -0.6160000      0.2389384      0.2000000E-01
 -0.6150000      0.2265055      0.2000000E-01
 -0.6140000      0.2529530      0.2000000E-01
 -0.6130000      0.2066870      0.2000000E-01
 -0.6120000      0.2414916      0.2000000E-01
 -0.6110000      0.1990212      0.2000000E-01
 -0.6100000      0.2145567      0.2000000E-01
 -0.6090000      0.2119633      0.2000000E-01
 -0.6080000      0.1494878      0.2000000E-01
 -0.6070000      0.2184796      0.2000000E-01
 -0.6060000      0.1883144      0.2000000E-01
 -0.6050000      0.2004540      0.2000000E-01
 -0.6040000      0.1573979      0.2000000E-01
 -0.6030000      0.1402852      0.2000000E-01
 -0.6020000      0.1878159      0.2000000E-01
 -0.6010000      0.1655953      0.2000000E-01
 -0.6000000      0.1689098      0.2000000E-01
 -0.5990000      0.1582030      0.2000000E-01
 -0.5980000      0.1609475      0.2000000E-01
 -0.5970000      0.1604388      0.2000000E-01
 -0.5960000      0.1757739      0.2000000E-01
 -0.5950000      0.1995256      0.2000000E-01
 -0.5940000      0.2134150      0.2000000E-01
 -0.5930000      0.2155965      0.2000000E-01
 -0.5920000      0.2303381      0.2000000E-01
 -0.5910000      0.2173416      0.2000000E-01
 -0.5900000      0.2304901      0.2000000E-01
 -0.5890000      0.2126434      0.2000000E-01
 -0.5880000      0.2230422      0.2000000E-01
 -0.5870000      0.3106447      0.2000000E-01
 -0.5860000      0.2523033      0.2000000E-01
 -0.5850000      0.2464380      0.2000000E-01
 -0.5840000      0.2985245      0.2000000E-01
 -0.5830000      0.2822693      0.2000000E-01
 -0.5820000      0.2842687      0.2000000E-01
 -0.5810000      0.3360893      0.2000000E-01
 -0.5800000      0.2664829      0.2000000E-01
 -0.5790000      0.2866821      0.2000000E-01
 -0.5780000      0.3144191      0.2000000E-01
 -0.5770000      0.3411710      0.2000000E-01
 -0.5760000      0.3282789      0.2000000E-01
 -0.5750000      0.3669032      0.2000000E-01
 -0.5740000      0.3208651      0.2000000E-01
 -0.5730000      0.3304336      0.2000000E-01
 -0.5720000      0.3673978      0.2000000E-01
 -0.5710000      0.3734203      0.2000000E-01
 -0.5700000      0.4027109      0.2000000E-01
 -0.5690000      0.4077306      0.2000000E-01
 -0.5680000      0.3994823      0.2000000E-01
 -0.5670000      0.3752499      0.2000000E-01
 -0.5660000      0.3468276      0.2000000E-01
 -0.5650000      0.3855565      0.2000000E-01
 -0.5640000      0.4287365      0.2000000E-01
 -0.5630000      0.4025182      0.2000000E-01
 -0.5620000      0.4394821      0.2000000E-01
 -0.5610000      0.3884551      0.2000000E-01
 -0.5600000      0.4042032      0.2000000E-01
 -0.5590000      0.4163546      0.2000000E-01
 -0.5580000      0.3864082      0.2000000E-01
 -0.5570000      0.4079378      0.2000000E-01
 -0.5560000      0.4121138      0.2000000E-01
 -0.5550000      0.4472981      0.2000000E-01
 -0.5540000      0.4739304      0.2000000E-01
 -0.5530000      0.4193290      0.2000000E-01
 -0.5520000      0.4732758      0.2000000E-01
 -0.5510000      0.4227604      0.2000000E-01
 -0.5500000      0.4633416      0.2000000E-01
 -0.5490000      0.4743210      0.2000000E-01
 -0.5480000      0.4277738      0.2000000E-01
 -0.5470000      0.4475199      0.2000000E-01
 -0.5460000      0.4854450      0.2000000E-01
 -0.5450000      0.4746814      0.2000000E-01
 -0.5440000      0.4792136      0.2000000E-01
 -0.5430000      0.5013177      0.2000000E-01
 -0.5420000      0.4690576      0.2000000E-01
 -0.5410000      0.4415777      0.2000000E-01
 -0.5400000      0.4400066      0.2000000E-01
 -0.5390000      0.4613156      0.2000000E-01
 -0.5380000      0.4943914      0.2000000E-01
 -0.5370000      0.4881836      0.2000000E-01
 -0.5360000      0.4932352      0.2000000E-01
 -0.5350000      0.5433421      0.2000000E-01
 -0.5340000      0.5156887      0.2000000E-01
 -0.5330000      0.4997953      0.2000000E-01
 -0.5320000      0.5220436      0.2000000E-01
 -0.5310000      0.5580177      0.2000000E-01
 -0.5300000      0.5148634      0.2000000E-01
 -0.5290000      0.5269701      0.2000000E-01
 -0.5280000      0.5126502      0.2000000E-01
 -0.5270000      0.5733993      0.2000000E-01
 -0.5260000      0.5616630      0.2000000E-01
 -0.5250000      0.5754367      0.2000000E-01
 -0.5240000      0.5360063      0.2000000E-01
 -0.5230000      0.5495755      0.2000000E-01
 -0.5220000      0.5817718      0.2000000E-01
 -0.5210000      0.6017090      0.2000000E-01
 -0.5200000      0.5798400      0.2000000E-01
 -0.5190000      0.5993832      0.2000000E-01
 -0.5180000      0.6063957      0.2000000E-01
 -0.5170000      0.6038381      0.2000000E-01
 -0.5160000      0.6130028      0.2000000E-01
 -0.5150000      0.6379058      0.2000000E-01
 -0.5140000      0.6274381      0.2000000E-01
 -0.5130000      0.6521049      0.2000000E-01
 -0.5120000      0.6566505      0.2000000E-01
 -0.5110000      0.6783325      0.2000000E-01
 -0.5100000      0.6818390      0.2000000E-01
 -0.5090000      0.6958035      0.2000000E-01
 -0.5080000      0.7057966      0.2000000E-01
 -0.5070000      0.7032820      0.2000000E-01
 -0.5060000      0.7156420      0.2000000E-01
 -0.5050000      0.7223439      0.2000000E-01
 -0.5040000      0.7363242      0.2000000E-01
 -0.5030000      0.7146176      0.2000000E-01
 -0.5020000      0.7226185      0.2000000E-01
 -0.5010000      0.7277645      0.2000000E-01
 -0.5000000      0.7283008      0.2000000E-01
 -0.4990000      0.7489984      0.2000000E-01
 -0.4980000      0.7082072      0.2000000E-01
 -0.4970000      0.7215275      0.2000000E-01
 -0.4960000      0.7393815      0.2000000E-01
 -0.4950000      0.7101552      0.2000000E-01
 -0.4940000      0.6941175      0.2000000E-01
 -0.4930000      0.7287498      0.2000000E-01
 -0.4920000      0.6938653      0.2000000E-01
 -0.4910000      0.7006993      0.2000000E-01
 -0.4900000      0.7091645      0.2000000E-01
 -0.4890000      0.6631351      0.2000000E-01
 -0.4880000      0.6954065      0.2000000E-01
 -0.4870000      0.6384927      0.2000000E-01
 -0.4860000      0.6429519      0.2000000E-01
 -0.4850000      0.6285917      0.2000000E-01
 -0.4840000      0.6445954      0.2000000E-01
 -0.4830000      0.7012565      0.2000000E-01
 -0.4820000      0.6109362      0.2000000E-01
 -0.4810000      0.6641768      0.2000000E-01
 -0.4800000      0.6112481      0.2000000E-01
 -0.4790000      0.6101212      0.2000000E-01
 -0.4780000      0.6214552      0.2000000E-01
 -0.4770000      0.6210843      0.2000000E-01
 -0.4760000      0.6255274      0.2000000E-01
 -0.4750000      0.5810988      0.2000000E-01
 -0.4740000      0.6013688      0.2000000E-01
 -0.4730000      0.5893550      0.2000000E-01
 -0.4720000      0.5755279      0.2000000E-01
 -0.4710000      0.6082593      0.2000000E-01
 -0.4700000      0.5924918      0.2000000E-01
 -0.4690000      0.6112852      0.2000000E-01
 -0.4680000      0.6146659      0.2000000E-01
 -0.4670000      0.5836069      0.2000000E-01
 -0.4660000      0.5911148      0.2000000E-01
 -0.4650000      0.5936450      0.2000000E-01
 -0.4640000      0.5888348      0.2000000E-01
 -0.4630000      0.6240653      0.2000000E-01
 -0.4620000      0.5587010      0.2000000E-01
 -0.4610000      0.5682659      0.2000000E-01
 -0.4600000      0.5751610      0.2000000E-01
 -0.4590000      0.5562732      0.2000000E-01
 -0.4580000      0.6177822      0.2000000E-01
 -0.4570000      0.5832978      0.2000000E-01
 -0.4560000      0.5815343      0.2000000E-01
 -0.4550000      0.5574606      0.2000000E-01
 -0.4540000      0.5566469      0.2000000E-01
 -0.4530000      0.5382883      0.2000000E-01
 -0.4520000      0.5396000      0.2000000E-01
 -0.4510000      0.5609455      0.2000000E-01
 -0.4500000      0.5536453      0.2000000E-01
 -0.4490000      0.5498806      0.2000000E-01
 -0.4480000      0.5376994      0.2000000E-01
 -0.4470000      0.5463183      0.2000000E-01
 -0.4460000      0.5827661      0.2000000E-01
 -0.4450000      0.5401750      0.2000000E-01
 -0.4440000      0.5303008      0.2000000E-01
 -0.4430000      0.5405011      0.2000000E-01
 -0.4420000      0.5111456      0.2000000E-01
 -0.4410000      0.5516990      0.2000000E-01
 -0.4400000      0.5347294      0.2000000E-01
 -0.4390000      0.5524196      0.2000000E-01
 -0.4380000      0.5329796      0.2000000E-01
 -0.4370000      0.5452794      0.2000000E-01
 -0.4360000      0.4981966      0.2000000E-01
 -0.4350000      0.5204368      0.2000000E-01
 -0.4340000      0.5432917      0.2000000E-01
 -0.4330000      0.5309802      0.2000000E-01
 -0.4320000      0.4924020      0.2000000E-01
 -0.4310000      0.5386460      0.2000000E-01
 -0.4300000      0.5205028      0.2000000E-01
 -0.4290000      0.5204537      0.2000000E-01
 -0.4280000      0.5137470      0.2000000E-01
 -0.4270000      0.5137859      0.2000000E-01
 -0.4260000      0.4796854      0.2000000E-01
 -0.4250000      0.5065014      0.2000000E-01
 -0.4240000      0.5121366      0.2000000E-01
 -0.4230000      0.5041881      0.2000000E-01
 -0.4220000      0.4738710      0.2000000E-01
 -0.4210000      0.4789855      0.2000000E-01
 -0.4200000      0.4566955      0.2000000E-01
 -0.4190000      0.4819026      0.2000000E-01
 -0.4180000      0.4888519      0.2000000E-01
 -0.4170000      0.4573120      0.2000000E-01
 -0.4160000      0.4907425      0.2000000E-01
 -0.4150000      0.3812833      0.2000000E-01
 -0.4140000      0.4338650      0.2000000E-01
 -0.4130000      0.4351256      0.2000000E-01
 -0.4120000      0.4652919      0.2000000E-01
 -0.4110000      0.4230764      0.2000000E-01
 -0.4100000      0.4069583      0.2000000E-01
 -0.4090000      0.3829265      0.2000000E-01
 -0.4080000      0.4380513      0.2000000E-01
 -0.4070000      0.3689466      0.2000000E-01
 -0.4060000      0.3685289      0.2000000E-01
 -0.4050000      0.3428318      0.2000000E-01
 -0.4040000      0.3817825      0.2000000E-01
 -0.4030000      0.3792883      0.2000000E-01
 -0.4020000      0.3984611      0.2000000E-01
 -0.4010000      0.3822636      0.2000000E-01
 -0.4000000      0.3985240      0.2000000E-01
 -0.3990000      0.3887827      0.2000000E-01
 -0.3980000      0.3541713      0.2000000E-01
 -0.3970000      0.3722882      0.2000000E-01
 -0.3960000      0.3518809      0.2000000E-01
 -0.3950000      0.3692916      0.2000000E-01
 -0.3940000      0.3724513      0.2000000E-01
 -0.3930000      0.4082296      0.2000000E-01
 -0.3920000      0.4574499      0.2000000E-01
 -0.3910000      0.4114502      0.2000000E-01
 -0.3900000      0.4511938      0.2000000E-01
 -0.3890000      0.3812117      0.2000000E-01
 -0.3880000      0.4412765      0.2000000E-01
 -0.3870000      0.4228064      0.2000000E-01
 -0.3860000      0.4740942      0.2000000E-01
 -0.3850000      0.5019113      0.2000000E-01
 -0.3840000      0.5185924      0.2000000E-01
 -0.3830000      0.5324957      0.2000000E-01
 -0.3820000      0.5365813      0.2000000E-01
 -0.3810000      0.4899301      0.2000000E-01
 -0.3800000      0.4682574      0.2000000E-01
 -0.3790000      0.5072244      0.2000000E-01
 -0.3780000      0.5008800      0.2000000E-01
 -0.3770000      0.5243390      0.2000000E-01
 -0.3760000      0.5558764      0.2000000E-01
 -0.3750000      0.5253355      0.2000000E-01
 -0.3740000      0.5238594      0.2000000E-01
 -0.3730000      0.5395846      0.2000000E-01
 -0.3720000      0.5767024      0.2000000E-01
 -0.3710000      0.5658512      0.2000000E-01
 -0.3700000      0.5564940      0.2000000E-01
 -0.3690000      0.5871170      0.2000000E-01
 -0.3680000      0.5701793      0.2000000E-01
 -0.3670000      0.6100012      0.2000000E-01
 -0.3660000      0.5902598      0.2000000E-01
 -0.3650000      0.5728017      0.2000000E-01
 -0.3640000      0.6065691      0.2000000E-01
 -0.3630000      0.6350401      0.2000000E-01
 -0.3620000      0.5903218      0.2000000E-01
 -0.3610000      0.6149511      0.2000000E-01
 -0.3600000      0.5854146      0.2000000E-01
 -0.3590000      0.6338035      0.2000000E-01
 -0.3580000      0.6511608      0.2000000E-01
 -0.3570000      0.5809695      0.2000000E-01
 -0.3560000      0.5954167      0.2000000E-01
 -0.3550000      0.6503650      0.2000000E-01
 -0.3540000      0.6404919      0.2000000E-01
 -0.3530000      0.6532380      0.2000000E-01
 -0.3520000      0.6461861      0.2000000E-01
 -0.3510000      0.6371916      0.2000000E-01
 -0.3500000      0.6365684      0.2000000E-01
 -0.3490000      0.6206975      0.2000000E-01
 -0.3480000      0.6336339      0.2000000E-01
 -0.3470000      0.6525621      0.2000000E-01
 -0.3460000      0.6663487      0.2000000E-01
 -0.3450000      0.6223289      0.2000000E-01
 -0.3440000      0.7087203      0.2000000E-01
 -0.3430000      0.6850602      0.2000000E-01
 -0.3420000      0.6846762      0.2000000E-01
 -0.3410000      0.6633529      0.2000000E-01
 -0.3400000      0.7078188      0.2000000E-01
 -0.3390000      0.6878377      0.2000000E-01
 -0.3380000      0.6965698      0.2000000E-01
 -0.3370000      0.6880224      0.2000000E-01
 -0.3360000      0.6849690      0.2000000E-01
 -0.3350000      0.6834428      0.2000000E-01
 -0.3340000      0.7055511      0.2000000E-01
 -0.3330000      0.7034947      0.2000000E-01
 -0.3320000      0.7273010      0.2000000E-01
 -0.3310000      0.7852934      0.2000000E-01
 -0.3300000      0.6854356      0.2000000E-01
 -0.3290000      0.7309456      0.2000000E-01
 -0.3280000      0.7330944      0.2000000E-01
 -0.3270000      0.7670439      0.2000000E-01
 -0.3260000      0.7691849      0.2000000E-01
 -0.3250000      0.7282306      0.2000000E-01
 -0.3240000      0.7518636      0.2000000E-01
 -0.3230000      0.7664788      0.2000000E-01
 -0.3220000      0.7755001      0.2000000E-01
 -0.3210000      0.8228039      0.2000000E-01
 -0.3200000      0.7780599      0.2000000E-01
 -0.3190000      0.8091533      0.2000000E-01
 -0.3180000      0.8173097      0.2000000E-01
 -0.3170000      0.8041771      0.2000000E-01
 -0.3160000      0.7974620      0.2000000E-01
 -0.3150000      0.8689521      0.2000000E-01
 -0.3140000      0.8480982      0.2000000E-01
 -0.3130000      0.8653169      0.2000000E-01
 -0.3120000      0.8619802      0.2000000E-01
 -0.3110000      0.8470315      0.2000000E-01
 -0.3100000      0.8803324      0.2000000E-01
 -0.3090000      0.8984704      0.2000000E-01
 -0.3080000      0.8572756      0.2000000E-01
 -0.3070000      0.8740110      0.2000000E-01
 -0.3060000      0.8896434      0.2000000E-01
 -0.3050000      0.8958415      0.2000000E-01
 -0.3040000      0.8890503      0.2000000E-01
 -0.3030000      0.9311196      0.2000000E-01
 -0.3020000      0.9120551      0.2000000E-01
 -0.3010000      0.9389932      0.2000000E-01
 -0.3000000      0.9505234      0.2000000E-01
 -0.2990000      0.9384429      0.2000000E-01
 -0.2980000      0.9253464      0.2000000E-01
 -0.2970000      0.9278066      0.2000000E-01
 -0.2960000      0.9234705      0.2000000E-01
 -0.2950000      0.9313472      0.2000000E-01
 -0.2940000      0.8999293      0.2000000E-01
 -0.2930000      0.8942315      0.2000000E-01
 -0.2920000      0.9188192      0.2000000E-01
 -0.2910000      0.9151990      0.2000000E-01
 -0.2900000      0.8498249      0.2000000E-01
 -0.2890000      0.8663119      0.2000000E-01
 -0.2880000      0.9219217      0.2000000E-01
 -0.2870000      0.8806007      0.2000000E-01
 -0.2860000      0.8610268      0.2000000E-01
 -0.2850000      0.8833971      0.2000000E-01
 -0.2840000      0.8295718      0.2000000E-01
 -0.2830000      0.8700350      0.2000000E-01
 -0.2820000      0.8593776      0.2000000E-01
 -0.2810000      0.8522147      0.2000000E-01
 -0.2800000      0.8235709      0.2000000E-01
 -0.2790000      0.8090221      0.2000000E-01
 -0.2780000      0.8372023      0.2000000E-01
 -0.2770000      0.8289572      0.2000000E-01
 -0.2760000      0.7915484      0.2000000E-01
 -0.2750000      0.7727123      0.2000000E-01
 -0.2740000      0.8286064      0.2000000E-01
 -0.2730000      0.8219956      0.2000000E-01
 -0.2720000      0.7785918      0.2000000E-01
 -0.2710000      0.7928969      0.2000000E-01
 -0.2700000      0.8060423      0.2000000E-01
 -0.2690000      0.7932822      0.2000000E-01
 -0.2680000      0.7679707      0.2000000E-01
 -0.2670000      0.7963244      0.2000000E-01
 -0.2660000      0.7802462      0.2000000E-01
 -0.2650000      0.7778112      0.2000000E-01
 -0.2640000      0.7552124      0.2000000E-01
 -0.2630000      0.7528805      0.2000000E-01
 -0.2620000      0.7885003      0.2000000E-01
 -0.2610000      0.7810835      0.2000000E-01
 -0.2600000      0.7378268      0.2000000E-01
 -0.2590000      0.7596671      0.2000000E-01
 -0.2580000      0.7360417      0.2000000E-01
 -0.2570000      0.7622201      0.2000000E-01
 -0.2560000      0.7953018      0.2000000E-01
 -0.2550000      0.7590901      0.2000000E-01
 -0.2540000      0.7472558      0.2000000E-01
 -0.2530000      0.7834672      0.2000000E-01
 -0.2520000      0.7808320      0.2000000E-01
 -0.2510000      0.7590586      0.2000000E-01
 -0.2500000      0.7171588      0.2000000E-01
 -0.2490000      0.7437557      0.2000000E-01
 -0.2480000      0.7621724      0.2000000E-01
 -0.2470000      0.7656928      0.2000000E-01
 -0.2460000      0.7125859      0.2000000E-01
 -0.2450000      0.7144751      0.2000000E-01
 -0.2440000      0.7131816      0.2000000E-01
 -0.2430000      0.7576422      0.2000000E-01
 -0.2420000      0.7529203      0.2000000E-01
 -0.2410000      0.7427903      0.2000000E-01
 -0.2400000      0.7731390      0.2000000E-01
 -0.2390000      0.7193258      0.2000000E-01
 -0.2380000      0.7374658      0.2000000E-01
 -0.2370000      0.7313430      0.2000000E-01
 -0.2360000      0.7271286      0.2000000E-01
 -0.2350000      0.7309663      0.2000000E-01
 -0.2340000      0.7536812      0.2000000E-01
 -0.2330000      0.6848648      0.2000000E-01
 -0.2320000      0.7240080      0.2000000E-01
 -0.2310000      0.7041417      0.2000000E-01
 -0.2300000      0.7147771      0.2000000E-01
 -0.2290000      0.7284384      0.2000000E-01
 -0.2280000      0.6785872      0.2000000E-01
 -0.2270000      0.7210846      0.2000000E-01
 -0.2260000      0.6931816      0.2000000E-01
 -0.2250000      0.7021057      0.2000000E-01
 -0.2240000      0.6958210      0.2000000E-01
 -0.2230000      0.7253912      0.2000000E-01
 -0.2220000      0.6841284      0.2000000E-01
 -0.2210000      0.6674198      0.2000000E-01
 -0.2200000      0.6785703      0.2000000E-01
 -0.2190000      0.6755105      0.2000000E-01
 -0.2180000      0.6963501      0.2000000E-01
 -0.2170000      0.6493956      0.2000000E-01
 -0.2160000      0.6534538      0.2000000E-01
 -0.2150000      0.6351171      0.2000000E-01
 -0.2140000      0.6194524      0.2000000E-01
 -0.2130000      0.5762416      0.2000000E-01
 -0.2120000      0.6318195      0.2000000E-01
 -0.2110000      0.5940394      0.2000000E-01
 -0.2100000      0.5858580      0.2000000E-01
 -0.2090000      0.6028012      0.2000000E-01
 -0.2080000      0.6100423      0.2000000E-01
 -0.2070000      0.5921631      0.2000000E-01
 -0.2060000      0.5696204      0.2000000E-01
 -0.2050000      0.5424678      0.2000000E-01
 -0.2040000      0.5775991      0.2000000E-01
 -0.2030000      0.5660916      0.2000000E-01
 -0.2020000      0.5859098      0.2000000E-01
 -0.2010000      0.5718423      0.2000000E-01
 -0.2000000      0.5906614      0.2000000E-01
 -0.1990000      0.5828751      0.2000000E-01
 -0.1980000      0.5569951      0.2000000E-01
 -0.1970000      0.5581986      0.2000000E-01
 -0.1960000      0.5668070      0.2000000E-01
 -0.1950000      0.6092826      0.2000000E-01
 -0.1940000      0.5869651      0.2000000E-01
 -0.1930000      0.6163701      0.2000000E-01
 -0.1920000      0.5970464      0.2000000E-01
 -0.1910000      0.6021392      0.2000000E-01
 -0.1900000      0.6499349      0.2000000E-01
 -0.1890000      0.6561957      0.2000000E-01
 -0.1880000      0.6866543      0.2000000E-01
 -0.1870000      0.6549250      0.2000000E-01
 -0.1860000      0.6364896      0.2000000E-01
 -0.1850000      0.6517784      0.2000000E-01
 -0.1840000      0.6587342      0.2000000E-01
 -0.1830000      0.6662141      0.2000000E-01
 -0.1820000      0.7063791      0.2000000E-01
 -0.1810000      0.6948325      0.2000000E-01
 -0.1800000      0.7135111      0.2000000E-01
 -0.1790000      0.7184085      0.2000000E-01
 -0.1780000      0.7262092      0.2000000E-01
 -0.1770000      0.7650468      0.2000000E-01
 -0.1760000      0.7008737      0.2000000E-01
 -0.1750000      0.7862994      0.2000000E-01
 -0.1740000      0.7742567      0.2000000E-01
 -0.1730000      0.7169881      0.2000000E-01
 -0.1720000      0.7600802      0.2000000E-01
 -0.1710000      0.8057824      0.2000000E-01
 -0.1700000      0.7838940      0.2000000E-01
 -0.1690000      0.8091166      0.2000000E-01
 -0.1680000      0.7786719      0.2000000E-01
 -0.1670000      0.7702063      0.2000000E-01
 -0.1660000      0.7823680      0.2000000E-01
 -0.1650000      0.8274795      0.2000000E-01
 -0.1640000      0.8212552      0.2000000E-01
 -0.1630000      0.7762876      0.2000000E-01
 -0.1620000      0.7968284      0.2000000E-01
 -0.1610000      0.8181357      0.2000000E-01
 -0.1600000      0.8730204      0.2000000E-01
 -0.1590000      0.8125850      0.2000000E-01
 -0.1580000      0.8009431      0.2000000E-01
 -0.1570000      0.8208263      0.2000000E-01
 -0.1560000      0.8265726      0.2000000E-01
 -0.1550000      0.8668671      0.2000000E-01
 -0.1540000      0.8753261      0.2000000E-01
 -0.1530000      0.8267157      0.2000000E-01
 -0.1520000      0.8726866      0.2000000E-01
 -0.1510000      0.8461296      0.2000000E-01
 -0.1500000      0.8553955      0.2000000E-01
 -0.1490000      0.8936663      0.2000000E-01
 -0.1480000      0.8601851      0.2000000E-01
 -0.1470000      0.8536785      0.2000000E-01
 -0.1460000      0.8606591      0.2000000E-01
 -0.1450000      0.8886700      0.2000000E-01
 -0.1440000      0.8962830      0.2000000E-01
 -0.1430000      0.8715492      0.2000000E-01
 -0.1420000      0.8888121      0.2000000E-01
 -0.1410000      0.8837009      0.2000000E-01
 -0.1400000      0.8781789      0.2000000E-01
 -0.1390000      0.8930840      0.2000000E-01
 -0.1380000      0.8735413      0.2000000E-01
 -0.1370000      0.9506495      0.2000000E-01
 -0.1360000      0.9160352      0.2000000E-01
 -0.1350000      0.9159673      0.2000000E-01
 -0.1340000      0.8940720      0.2000000E-01
 -0.1330000      0.9202759      0.2000000E-01
 -0.1320000      0.9144098      0.2000000E-01
 -0.1310000      0.9270848      0.2000000E-01
 -0.1300000      0.8980620      0.2000000E-01
 -0.1290000      0.9243852      0.2000000E-01
 -0.1280000      0.9401349      0.2000000E-01
 -0.1270000      0.9637337      0.2000000E-01
 -0.1260000      0.9468425      0.2000000E-01
 -0.1250000      0.9374295      0.2000000E-01
 -0.1240000      0.9640262      0.2000000E-01
 -0.1230000      0.9694068      0.2000000E-01
 -0.1220000      0.9948915      0.2000000E-01
 -0.1210000      0.9869020      0.2000000E-01
 -0.1200000       1.019380      0.2000000E-01
 -0.1190000      0.9916857      0.2000000E-01
 -0.1180000      0.9641263      0.2000000E-01
 -0.1170000       1.009361      0.2000000E-01
 -0.1160000       1.012392      0.2000000E-01
 -0.1150000       1.048217      0.2000000E-01
 -0.1140000       1.055654      0.2000000E-01
 -0.1130000       1.060685      0.2000000E-01
 -0.1120000       1.052159      0.2000000E-01
 -0.1110000       1.067214      0.2000000E-01
 -0.1100000       1.076406      0.2000000E-01
 -0.1090000       1.059972      0.2000000E-01
 -0.1080000       1.084738      0.2000000E-01
 -0.1070000       1.085608      0.2000000E-01
 -0.1060000       1.124889      0.2000000E-01
 -0.1050000       1.117411      0.2000000E-01
 -0.1040000       1.125093      0.2000000E-01
 -0.1030000       1.098714      0.2000000E-01
 -0.1020000       1.163794      0.2000000E-01
 -0.1010000       1.132842      0.2000000E-01
 -0.1000000       1.118459      0.2000000E-01
 -0.9900000E-01   1.126836      0.2000000E-01
 -0.9800000E-01   1.155154      0.2000000E-01
 -0.9700000E-01   1.144461      0.2000000E-01
 -0.9600000E-01   1.124480      0.2000000E-01
 -0.9500000E-01   1.134175      0.2000000E-01
 -0.9400000E-01   1.121770      0.2000000E-01
 -0.9300000E-01   1.114628      0.2000000E-01
 -0.9200000E-01   1.114576      0.2000000E-01
 -0.9100000E-01   1.078033      0.2000000E-01
 -0.9000000E-01   1.058205      0.2000000E-01
 -0.8900000E-01   1.069308      0.2000000E-01
 -0.8800000E-01   1.107547      0.2000000E-01
 -0.8700000E-01   1.031456      0.2000000E-01
 -0.8600000E-01   1.074364      0.2000000E-01
 -0.8500000E-01   1.048970      0.2000000E-01
 -0.8400000E-01   1.051563      0.2000000E-01
 -0.8300000E-01   1.070655      0.2000000E-01
 -0.8200000E-01   1.093016      0.2000000E-01
 -0.8100000E-01   1.019934      0.2000000E-01
 -0.8000000E-01   1.040573      0.2000000E-01
 -0.7900000E-01   1.007962      0.2000000E-01
 -0.7800000E-01   1.050770      0.2000000E-01
 -0.7700000E-01  0.9949176      0.2000000E-01
 -0.7600000E-01  0.9792495      0.2000000E-01
 -0.7500000E-01  0.9921091      0.2000000E-01
 -0.7400000E-01  0.9649282      0.2000000E-01
 -0.7300000E-01  0.9567404      0.2000000E-01
 -0.7200000E-01  0.9630827      0.2000000E-01
 -0.7100000E-01   1.007420      0.2000000E-01
 -0.7000000E-01   1.015766      0.2000000E-01
 -0.6900000E-01  0.9803805      0.2000000E-01
 -0.6800000E-01  0.9536128      0.2000000E-01
 -0.6700000E-01  0.9721787      0.2000000E-01
 -0.6600000E-01  0.9471210      0.2000000E-01
 -0.6500000E-01  0.9878784      0.2000000E-01
 -0.6400000E-01  0.9794203      0.2000000E-01
 -0.6300000E-01  0.9981288      0.2000000E-01
 -0.6200000E-01  0.9831459      0.2000000E-01
 -0.6100000E-01  0.9662171      0.2000000E-01
 -0.6000000E-01  0.9964953      0.2000000E-01
 -0.5900000E-01  0.9732846      0.2000000E-01
 -0.5800000E-01  0.9698631      0.2000000E-01
 -0.5700000E-01  0.9515084      0.2000000E-01
 -0.5600000E-01  0.9202472      0.2000000E-01
 -0.5500000E-01  0.9393511      0.2000000E-01
 -0.5400000E-01  0.9247179      0.2000000E-01
 -0.5300000E-01  0.9554588      0.2000000E-01
 -0.5200000E-01  0.9532555      0.2000000E-01
 -0.5100000E-01  0.9583426      0.2000000E-01
 -0.5000000E-01  0.9780831      0.2000000E-01
 -0.4900000E-01  0.9863256      0.2000000E-01
 -0.4800000E-01  0.9528034      0.2000000E-01
 -0.4700000E-01  0.9315693      0.2000000E-01
 -0.4600000E-01  0.9363703      0.2000000E-01
 -0.4500000E-01  0.9721976      0.2000000E-01
 -0.4400000E-01  0.9008957      0.2000000E-01
 -0.4300000E-01  0.9213659      0.2000000E-01
 -0.4200000E-01  0.9767273      0.2000000E-01
 -0.4100000E-01  0.9254342      0.2000000E-01
 -0.4000000E-01  0.9693942      0.2000000E-01
 -0.3900000E-01  0.9327976      0.2000000E-01
 -0.3800000E-01  0.9396963      0.2000000E-01
 -0.3700000E-01  0.9447137      0.2000000E-01
 -0.3600000E-01  0.8899667      0.2000000E-01
 -0.3500000E-01  0.9311967      0.2000000E-01
 -0.3400000E-01  0.9494282      0.2000000E-01
 -0.3300000E-01  0.9284984      0.2000000E-01
 -0.3200000E-01  0.9278600      0.2000000E-01
 -0.3100000E-01  0.9249746      0.2000000E-01
 -0.3000000E-01  0.9422238      0.2000000E-01
 -0.2900000E-01  0.9266284      0.2000000E-01
 -0.2800000E-01  0.9146246      0.2000000E-01
 -0.2700000E-01  0.9409165      0.2000000E-01
 -0.2600000E-01  0.9317255      0.2000000E-01
 -0.2500000E-01  0.9095320      0.2000000E-01
 -0.2400000E-01  0.9270798      0.2000000E-01
 -0.2300000E-01  0.9017810      0.2000000E-01
 -0.2200000E-01  0.9055841      0.2000000E-01
 -0.2100000E-01  0.8890580      0.2000000E-01
 -0.2000000E-01  0.8635850      0.2000000E-01
 -0.1900000E-01  0.8790029      0.2000000E-01
 -0.1800000E-01  0.8719461      0.2000000E-01
 -0.1700000E-01  0.8430490      0.2000000E-01
 -0.1600000E-01  0.8437798      0.2000000E-01
 -0.1500000E-01  0.8394233      0.2000000E-01
 -0.1400000E-01  0.8681509      0.2000000E-01
 -0.1300000E-01  0.8267600      0.2000000E-01
 -0.1200000E-01  0.8075165      0.2000000E-01
 -0.1100000E-01  0.7963166      0.2000000E-01
 -0.1000000E-01  0.8081061      0.2000000E-01
 -0.9000000E-02  0.7869091      0.2000000E-01
 -0.8000000E-02  0.8024149      0.2000000E-01
 -0.7000000E-02  0.7865164      0.2000000E-01
 -0.6000000E-02  0.8170478      0.2000000E-01
 -0.5000000E-02  0.7590248      0.2000000E-01
 -0.4000000E-02  0.7519248      0.2000000E-01
 -0.3000000E-02  0.7557076      0.2000000E-01
 -0.2000000E-02  0.7634267      0.2000000E-01
 -0.1000000E-02  0.7604054      0.2000000E-01
   0.000000      0.7618966      0.2000000E-01
  0.1000000E-02  0.7474721      0.2000000E-01
  0.2000000E-02  0.7816817      0.2000000E-01
  0.3000000E-02  0.7671145      0.2000000E-01
  0.4000000E-02  0.7753029      0.2000000E-01
  0.5000000E-02  0.7977987      0.2000000E-01
  0.6000000E-02  0.8077433      0.2000000E-01
  0.7000000E-02  0.8262417      0.2000000E-01
  0.8000000E-02  0.7956089      0.2000000E-01
  0.9000000E-02  0.8195709      0.2000000E-01
  0.1000000E-01  0.8376552      0.2000000E-01
  0.1100000E-01  0.8401300      0.2000000E-01
  0.1200000E-01  0.8213693      0.2000000E-01
  0.1300000E-01  0.8412462      0.2000000E-01
  0.1400000E-01  0.8571406      0.2000000E-01
  0.1500000E-01  0.8429659      0.2000000E-01
  0.1600000E-01  0.8835214      0.2000000E-01
  0.1700000E-01  0.9032196      0.2000000E-01
  0.1800000E-01  0.9034685      0.2000000E-01
  0.1900000E-01  0.9067564      0.2000000E-01
  0.2000000E-01  0.8963487      0.2000000E-01
  0.2100000E-01  0.9421804      0.2000000E-01
  0.2200000E-01  0.9095389      0.2000000E-01
  0.2300000E-01  0.9546728      0.2000000E-01
  0.2400000E-01  0.9352296      0.2000000E-01
  0.2500000E-01  0.9281489      0.2000000E-01
  0.2600000E-01  0.9182150      0.2000000E-01
  0.2700000E-01  0.9839096      0.2000000E-01
  0.2800000E-01  0.9809464      0.2000000E-01
  0.2900000E-01  0.9535870      0.2000000E-01
  0.3000000E-01  0.9901030      0.2000000E-01
  0.3100000E-01   1.022104      0.2000000E-01
  0.3200000E-01  0.9882114      0.2000000E-01
  0.3300000E-01   1.003616      0.2000000E-01
  0.3400000E-01   1.006404      0.2000000E-01
  0.3500000E-01   1.006210      0.2000000E-01
  0.3600000E-01   1.040290      0.2000000E-01
  0.3700000E-01   1.016344      0.2000000E-01
  0.3800000E-01   1.055228      0.2000000E-01
  0.3900000E-01   1.039952      0.2000000E-01
  0.4000000E-01  0.9743427      0.2000000E-01
  0.4100000E-01   1.010300      0.2000000E-01
  0.4200000E-01  0.9784949      0.2000000E-01
  0.4300000E-01   1.017824      0.2000000E-01
  0.4400000E-01   1.017956      0.2000000E-01
  0.4500000E-01   1.038747      0.2000000E-01
  0.4600000E-01   1.030703      0.2000000E-01
  0.4700000E-01   1.020842      0.2000000E-01
  0.4800000E-01   1.025239      0.2000000E-01
  0.4900000E-01   1.065639      0.2000000E-01
  0.5000000E-01   1.080160      0.2000000E-01
  0.5100000E-01   1.026781      0.2000000E-01
  0.5200000E-01   1.065834      0.2000000E-01
  0.5300000E-01   1.056453      0.2000000E-01
  0.5400000E-01   1.023199      0.2000000E-01
  0.5500000E-01   1.055404      0.2000000E-01
  0.5600000E-01   1.080300      0.2000000E-01
  0.5700000E-01   1.067881      0.2000000E-01
  0.5800000E-01   1.090855      0.2000000E-01
  0.5900000E-01   1.109463      0.2000000E-01
  0.6000000E-01   1.093263      0.2000000E-01
  0.6100000E-01   1.093858      0.2000000E-01
  0.6200000E-01   1.081296      0.2000000E-01
  0.6300000E-01   1.070845      0.2000000E-01
  0.6400000E-01   1.133517      0.2000000E-01
  0.6500000E-01   1.067083      0.2000000E-01
  0.6600000E-01   1.123443      0.2000000E-01
  0.6700000E-01   1.136609      0.2000000E-01
  0.6800000E-01   1.095518      0.2000000E-01
  0.6900000E-01   1.116100      0.2000000E-01
  0.7000000E-01   1.179769      0.2000000E-01
  0.7100000E-01   1.117324      0.2000000E-01
  0.7200000E-01   1.130747      0.2000000E-01
  0.7300000E-01   1.126096      0.2000000E-01
  0.7400000E-01   1.136034      0.2000000E-01
  0.7500000E-01   1.145682      0.2000000E-01
  0.7600000E-01   1.162367      0.2000000E-01
  0.7700000E-01   1.175092      0.2000000E-01
  0.7800000E-01   1.148034      0.2000000E-01
  0.7900000E-01   1.204109      0.2000000E-01
  0.8000000E-01   1.173745      0.2000000E-01
  0.8100000E-01   1.193660      0.2000000E-01
  0.8200000E-01   1.209851      0.2000000E-01
  0.8300000E-01   1.215749      0.2000000E-01
  0.8400000E-01   1.219339      0.2000000E-01
  0.8500000E-01   1.237309      0.2000000E-01
  0.8600000E-01   1.221991      0.2000000E-01
  0.8700000E-01   1.258183      0.2000000E-01
  0.8800000E-01   1.268594      0.2000000E-01
  0.8900000E-01   1.245448      0.2000000E-01
  0.9000000E-01   1.279337      0.2000000E-01
  0.9100000E-01   1.269905      0.2000000E-01
  0.9200000E-01   1.316873      0.2000000E-01
  0.9300000E-01   1.310495      0.2000000E-01
  0.9400000E-01   1.304571      0.2000000E-01
  0.9500000E-01   1.317538      0.2000000E-01
  0.9600000E-01   1.319027      0.2000000E-01
  0.9700000E-01   1.321268      0.2000000E-01
  0.9800000E-01   1.343188      0.2000000E-01
  0.9900000E-01   1.340625      0.2000000E-01
  0.1000000       1.342866      0.2000000E-01
  0.1010000       1.335655      0.2000000E-01
  0.1020000       1.330291      0.2000000E-01
  0.1030000       1.309739      0.2000000E-01
  0.1040000       1.327204      0.2000000E-01
  0.1050000       1.343803      0.2000000E-01
  0.1060000       1.292240      0.2000000E-01
  0.1070000       1.287207      0.2000000E-01
  0.1080000       1.306532      0.2000000E-01
  0.1090000       1.305986      0.2000000E-01
  0.1100000       1.296736      0.2000000E-01
  0.1110000       1.328633      0.2000000E-01
  0.1120000       1.248729      0.2000000E-01
  0.1130000       1.279226      0.2000000E-01
  0.1140000       1.261074      0.2000000E-01
  0.1150000       1.259941      0.2000000E-01
  0.1160000       1.251596      0.2000000E-01
  0.1170000       1.244021      0.2000000E-01
  0.1180000       1.252542      0.2000000E-01
  0.1190000       1.227446      0.2000000E-01
  0.1200000       1.244924      0.2000000E-01
  0.1210000       1.269440      0.2000000E-01
  0.1220000       1.229278      0.2000000E-01
  0.1230000       1.209949      0.2000000E-01
  0.1240000       1.196921      0.2000000E-01
  0.1250000       1.203381      0.2000000E-01
  0.1260000       1.238277      0.2000000E-01
  0.1270000       1.187345      0.2000000E-01
  0.1280000       1.195252      0.2000000E-01
  0.1290000       1.166627      0.2000000E-01
  0.1300000       1.201496      0.2000000E-01
  0.1310000       1.189168      0.2000000E-01
  0.1320000       1.219618      0.2000000E-01
  0.1330000       1.183117      0.2000000E-01
  0.1340000       1.170356      0.2000000E-01
  0.1350000       1.154299      0.2000000E-01
  0.1360000       1.157127      0.2000000E-01
  0.1370000       1.185753      0.2000000E-01
  0.1380000       1.165291      0.2000000E-01
  0.1390000       1.176220      0.2000000E-01
  0.1400000       1.186330      0.2000000E-01
  0.1410000       1.174653      0.2000000E-01
  0.1420000       1.152554      0.2000000E-01
  0.1430000       1.137845      0.2000000E-01
  0.1440000       1.173871      0.2000000E-01
  0.1450000       1.178470      0.2000000E-01
  0.1460000       1.137656      0.2000000E-01
  0.1470000       1.169900      0.2000000E-01
  0.1480000       1.156306      0.2000000E-01
  0.1490000       1.137722      0.2000000E-01
  0.1500000       1.190145      0.2000000E-01
  0.1510000       1.177760      0.2000000E-01
  0.1520000       1.156919      0.2000000E-01
  0.1530000       1.178432      0.2000000E-01
  0.1540000       1.123836      0.2000000E-01
  0.1550000       1.134273      0.2000000E-01
  0.1560000       1.149063      0.2000000E-01
  0.1570000       1.107398      0.2000000E-01
  0.1580000       1.114797      0.2000000E-01
  0.1590000       1.151361      0.2000000E-01
  0.1600000       1.148368      0.2000000E-01
  0.1610000       1.114313      0.2000000E-01
  0.1620000       1.174245      0.2000000E-01
  0.1630000       1.128121      0.2000000E-01
  0.1640000       1.113422      0.2000000E-01
  0.1650000       1.132800      0.2000000E-01
  0.1660000       1.154615      0.2000000E-01
  0.1670000       1.105747      0.2000000E-01
  0.1680000       1.105281      0.2000000E-01
  0.1690000       1.093849      0.2000000E-01
  0.1700000       1.109708      0.2000000E-01
  0.1710000       1.134364      0.2000000E-01
  0.1720000       1.108198      0.2000000E-01
  0.1730000       1.128854      0.2000000E-01
  0.1740000       1.079645      0.2000000E-01
  0.1750000       1.124002      0.2000000E-01
  0.1760000       1.056856      0.2000000E-01
  0.1770000       1.066428      0.2000000E-01
  0.1780000       1.076452      0.2000000E-01
  0.1790000       1.061786      0.2000000E-01
  0.1800000       1.056591      0.2000000E-01
  0.1810000       1.046155      0.2000000E-01
  0.1820000       1.056260      0.2000000E-01
  0.1830000       1.015758      0.2000000E-01
  0.1840000       1.053222      0.2000000E-01
  0.1850000       1.042711      0.2000000E-01
  0.1860000       1.035969      0.2000000E-01
  0.1870000       1.031250      0.2000000E-01
  0.1880000       1.011644      0.2000000E-01
  0.1890000       1.022255      0.2000000E-01
  0.1900000       1.004359      0.2000000E-01
  0.1910000      0.9794312      0.2000000E-01
  0.1920000      0.9872975      0.2000000E-01
  0.1930000      0.9741520      0.2000000E-01
  0.1940000      0.9916201      0.2000000E-01
  0.1950000      0.9538423      0.2000000E-01
  0.1960000      0.9381581      0.2000000E-01
  0.1970000      0.9660050      0.2000000E-01
  0.1980000      0.9956324      0.2000000E-01
  0.1990000      0.9746614      0.2000000E-01
  0.2000000      0.9412906      0.2000000E-01
  0.2010000      0.9481824      0.2000000E-01
  0.2020000      0.9731101      0.2000000E-01
  0.2030000      0.9716337      0.2000000E-01
  0.2040000      0.9665042      0.2000000E-01
  0.2050000      0.9773045      0.2000000E-01
  0.2060000      0.9826441      0.2000000E-01
  0.2070000      0.9885207      0.2000000E-01
  0.2080000       1.028987      0.2000000E-01
  0.2090000       1.013761      0.2000000E-01
  0.2100000       1.009010      0.2000000E-01
  0.2110000       1.034936      0.2000000E-01
  0.2120000       1.057455      0.2000000E-01
  0.2130000       1.053086      0.2000000E-01
  0.2140000       1.062019      0.2000000E-01
  0.2150000       1.079296      0.2000000E-01
  0.2160000       1.097706      0.2000000E-01
  0.2170000       1.076303      0.2000000E-01
  0.2180000       1.130577      0.2000000E-01
  0.2190000       1.123220      0.2000000E-01
  0.2200000       1.159509      0.2000000E-01
  0.2210000       1.142769      0.2000000E-01
  0.2220000       1.097013      0.2000000E-01
  0.2230000       1.140436      0.2000000E-01
  0.2240000       1.154058      0.2000000E-01
  0.2250000       1.200864      0.2000000E-01
  0.2260000       1.138212      0.2000000E-01
  0.2270000       1.180079      0.2000000E-01
  0.2280000       1.151450      0.2000000E-01
  0.2290000       1.139052      0.2000000E-01
  0.2300000       1.203626      0.2000000E-01
  0.2310000       1.171199      0.2000000E-01
  0.2320000       1.200021      0.2000000E-01
  0.2330000       1.176064      0.2000000E-01
  0.2340000       1.198456      0.2000000E-01
  0.2350000       1.188353      0.2000000E-01
  0.2360000       1.174929      0.2000000E-01
  0.2370000       1.216352      0.2000000E-01
  0.2380000       1.247745      0.2000000E-01
  0.2390000       1.227750      0.2000000E-01
  0.2400000       1.247773      0.2000000E-01
  0.2410000       1.207947      0.2000000E-01
  0.2420000       1.218328      0.2000000E-01
  0.2430000       1.228458      0.2000000E-01
  0.2440000       1.251936      0.2000000E-01
  0.2450000       1.252834      0.2000000E-01
  0.2460000       1.231487      0.2000000E-01
  0.2470000       1.200171      0.2000000E-01
  0.2480000       1.261556      0.2000000E-01
  0.2490000       1.263690      0.2000000E-01
  0.2500000       1.256484      0.2000000E-01
  0.2510000       1.258375      0.2000000E-01
  0.2520000       1.249591      0.2000000E-01
  0.2530000       1.271510      0.2000000E-01
  0.2540000       1.291408      0.2000000E-01
  0.2550000       1.265896      0.2000000E-01
  0.2560000       1.310316      0.2000000E-01
  0.2570000       1.257717      0.2000000E-01
  0.2580000       1.268713      0.2000000E-01
  0.2590000       1.275903      0.2000000E-01
  0.2600000       1.252452      0.2000000E-01
  0.2610000       1.277313      0.2000000E-01
  0.2620000       1.288767      0.2000000E-01
  0.2630000       1.275335      0.2000000E-01
  0.2640000       1.301347      0.2000000E-01
  0.2650000       1.310842      0.2000000E-01
  0.2660000       1.315262      0.2000000E-01
  0.2670000       1.316791      0.2000000E-01
  0.2680000       1.297419      0.2000000E-01
  0.2690000       1.321878      0.2000000E-01
  0.2700000       1.287636      0.2000000E-01
  0.2710000       1.344020      0.2000000E-01
  0.2720000       1.336128      0.2000000E-01
  0.2730000       1.362594      0.2000000E-01
  0.2740000       1.343962      0.2000000E-01
  0.2750000       1.363329      0.2000000E-01
  0.2760000       1.353284      0.2000000E-01
  0.2770000       1.386826      0.2000000E-01
  0.2780000       1.387651      0.2000000E-01
  0.2790000       1.378174      0.2000000E-01
  0.2800000       1.365703      0.2000000E-01
  0.2810000       1.414093      0.2000000E-01
  0.2820000       1.401343      0.2000000E-01
  0.2830000       1.404263      0.2000000E-01
  0.2840000       1.425842      0.2000000E-01
  0.2850000       1.431485      0.2000000E-01
  0.2860000       1.417343      0.2000000E-01
  0.2870000       1.465583      0.2000000E-01
  0.2880000       1.463039      0.2000000E-01
  0.2890000       1.446940      0.2000000E-01
  0.2900000       1.473562      0.2000000E-01
  0.2910000       1.478092      0.2000000E-01
  0.2920000       1.482485      0.2000000E-01
  0.2930000       1.513221      0.2000000E-01
  0.2940000       1.512035      0.2000000E-01
  0.2950000       1.511341      0.2000000E-01
  0.2960000       1.500321      0.2000000E-01
  0.2970000       1.521088      0.2000000E-01
  0.2980000       1.534656      0.2000000E-01
  0.2990000       1.511557      0.2000000E-01
  0.3000000       1.543421      0.2000000E-01
  0.3010000       1.540730      0.2000000E-01
  0.3020000       1.527637      0.2000000E-01
  0.3030000       1.558383      0.2000000E-01
  0.3040000       1.527409      0.2000000E-01
  0.3050000       1.536908      0.2000000E-01
  0.3060000       1.505009      0.2000000E-01
  0.3070000       1.488971      0.2000000E-01
  0.3080000       1.521391      0.2000000E-01
  0.3090000       1.532193      0.2000000E-01
  0.3100000       1.524194      0.2000000E-01
  0.3110000       1.522083      0.2000000E-01
  0.3120000       1.464869      0.2000000E-01
  0.3130000       1.481122      0.2000000E-01
  0.3140000       1.460349      0.2000000E-01
  0.3150000       1.455665      0.2000000E-01
  0.3160000       1.502386      0.2000000E-01
  0.3170000       1.441881      0.2000000E-01
  0.3180000       1.451364      0.2000000E-01
  0.3190000       1.416473      0.2000000E-01
  0.3200000       1.432859      0.2000000E-01
  0.3210000       1.395881      0.2000000E-01
  0.3220000       1.438047      0.2000000E-01
  0.3230000       1.442339      0.2000000E-01
  0.3240000       1.416168      0.2000000E-01
  0.3250000       1.404779      0.2000000E-01
  0.3260000       1.364956      0.2000000E-01
  0.3270000       1.387147      0.2000000E-01
  0.3280000       1.357419      0.2000000E-01
  0.3290000       1.364090      0.2000000E-01
  0.3300000       1.391071      0.2000000E-01
  0.3310000       1.404316      0.2000000E-01
  0.3320000       1.358351      0.2000000E-01
  0.3330000       1.380880      0.2000000E-01
  0.3340000       1.381059      0.2000000E-01
  0.3350000       1.347195      0.2000000E-01
  0.3360000       1.383468      0.2000000E-01
  0.3370000       1.364735      0.2000000E-01
  0.3380000       1.364394      0.2000000E-01
  0.3390000       1.357898      0.2000000E-01
  0.3400000       1.346428      0.2000000E-01
  0.3410000       1.376026      0.2000000E-01
  0.3420000       1.388650      0.2000000E-01
  0.3430000       1.362506      0.2000000E-01
  0.3440000       1.358533      0.2000000E-01
  0.3450000       1.399934      0.2000000E-01
  0.3460000       1.387529      0.2000000E-01
  0.3470000       1.361313      0.2000000E-01
  0.3480000       1.347967      0.2000000E-01
  0.3490000       1.378862      0.2000000E-01
  0.3500000       1.349457      0.2000000E-01
  0.3510000       1.341795      0.2000000E-01
  0.3520000       1.340986      0.2000000E-01
  0.3530000       1.376151      0.2000000E-01
  0.3540000       1.342613      0.2000000E-01
  0.3550000       1.362894      0.2000000E-01
  0.3560000       1.317446      0.2000000E-01
  0.3570000       1.313628      0.2000000E-01
  0.3580000       1.359585      0.2000000E-01
  0.3590000       1.366148      0.2000000E-01
  0.3600000       1.353465      0.2000000E-01
  0.3610000       1.301655      0.2000000E-01
  0.3620000       1.335753      0.2000000E-01
  0.3630000       1.357749      0.2000000E-01
  0.3640000       1.313419      0.2000000E-01
  0.3650000       1.337566      0.2000000E-01
  0.3660000       1.297785      0.2000000E-01
  0.3670000       1.305509      0.2000000E-01
  0.3680000       1.321710      0.2000000E-01
  0.3690000       1.312559      0.2000000E-01
  0.3700000       1.308019      0.2000000E-01
  0.3710000       1.282881      0.2000000E-01
  0.3720000       1.327311      0.2000000E-01
  0.3730000       1.287351      0.2000000E-01
  0.3740000       1.348412      0.2000000E-01
  0.3750000       1.253085      0.2000000E-01
  0.3760000       1.312850      0.2000000E-01
  0.3770000       1.275363      0.2000000E-01
  0.3780000       1.316305      0.2000000E-01
  0.3790000       1.292704      0.2000000E-01
  0.3800000       1.254171      0.2000000E-01
  0.3810000       1.304222      0.2000000E-01
  0.3820000       1.281196      0.2000000E-01
  0.3830000       1.229453      0.2000000E-01
  0.3840000       1.221327      0.2000000E-01
  0.3850000       1.235948      0.2000000E-01
  0.3860000       1.206246      0.2000000E-01
  0.3870000       1.204538      0.2000000E-01
  0.3880000       1.179825      0.2000000E-01
  0.3890000       1.210458      0.2000000E-01
  0.3900000       1.211528      0.2000000E-01
  0.3910000       1.198961      0.2000000E-01
  0.3920000       1.216196      0.2000000E-01
  0.3930000       1.206873      0.2000000E-01
  0.3940000       1.160493      0.2000000E-01
  0.3950000       1.182095      0.2000000E-01
  0.3960000       1.153403      0.2000000E-01
  0.3970000       1.121478      0.2000000E-01
  0.3980000       1.156444      0.2000000E-01
  0.3990000       1.167321      0.2000000E-01
  0.4000000       1.160061      0.2000000E-01
  0.4010000       1.179943      0.2000000E-01
  0.4020000       1.181620      0.2000000E-01
  0.4030000       1.127947      0.2000000E-01
  0.4040000       1.167296      0.2000000E-01
  0.4050000       1.161775      0.2000000E-01
  0.4060000       1.204300      0.2000000E-01
  0.4070000       1.214237      0.2000000E-01
  0.4080000       1.208359      0.2000000E-01
  0.4090000       1.176602      0.2000000E-01
  0.4100000       1.214957      0.2000000E-01
  0.4110000       1.232806      0.2000000E-01
  0.4120000       1.245319      0.2000000E-01
  0.4130000       1.286489      0.2000000E-01
  0.4140000       1.266719      0.2000000E-01
  0.4150000       1.277643      0.2000000E-01
  0.4160000       1.273283      0.2000000E-01
  0.4170000       1.291514      0.2000000E-01
  0.4180000       1.271321      0.2000000E-01
  0.4190000       1.322917      0.2000000E-01
  0.4200000       1.329068      0.2000000E-01
  0.4210000       1.310252      0.2000000E-01
  0.4220000       1.310557      0.2000000E-01
  0.4230000       1.326999      0.2000000E-01
  0.4240000       1.345879      0.2000000E-01
  0.4250000       1.346972      0.2000000E-01
  0.4260000       1.376086      0.2000000E-01
  0.4270000       1.370231      0.2000000E-01
  0.4280000       1.361423      0.2000000E-01
  0.4290000       1.371371      0.2000000E-01
  0.4300000       1.369098      0.2000000E-01
  0.4310000       1.399017      0.2000000E-01
  0.4320000       1.376438      0.2000000E-01
  0.4330000       1.396872      0.2000000E-01
  0.4340000       1.398515      0.2000000E-01
  0.4350000       1.357127      0.2000000E-01
  0.4360000       1.432384      0.2000000E-01
  0.4370000       1.372277      0.2000000E-01
  0.4380000       1.430322      0.2000000E-01
  0.4390000       1.412926      0.2000000E-01
  0.4400000       1.429290      0.2000000E-01
  0.4410000       1.457313      0.2000000E-01
  0.4420000       1.419265      0.2000000E-01
  0.4430000       1.357643      0.2000000E-01
  0.4440000       1.450184      0.2000000E-01
  0.4450000       1.426644      0.2000000E-01
  0.4460000       1.438464      0.2000000E-01
  0.4470000       1.480224      0.2000000E-01
  0.4480000       1.423686      0.2000000E-01
  0.4490000       1.461119      0.2000000E-01
  0.4500000       1.460197      0.2000000E-01
  0.4510000       1.447987      0.2000000E-01
  0.4520000       1.441512      0.2000000E-01
  0.4530000       1.463480      0.2000000E-01
  0.4540000       1.468012      0.2000000E-01
  0.4550000       1.465115      0.2000000E-01
  0.4560000       1.434995      0.2000000E-01
  0.4570000       1.497349      0.2000000E-01
  0.4580000       1.457294      0.2000000E-01
  0.4590000       1.484897      0.2000000E-01
  0.4600000       1.493445      0.2000000E-01
  0.4610000       1.526772      0.2000000E-01
  0.4620000       1.495493      0.2000000E-01
  0.4630000       1.494209      0.2000000E-01
  0.4640000       1.509848      0.2000000E-01
  0.4650000       1.488593      0.2000000E-01
  0.4660000       1.473112      0.2000000E-01
  0.4670000       1.516208      0.2000000E-01
  0.4680000       1.495435      0.2000000E-01
  0.4690000       1.516016      0.2000000E-01
  0.4700000       1.496426      0.2000000E-01
  0.4710000       1.516560      0.2000000E-01
  0.4720000       1.565986      0.2000000E-01
  0.4730000       1.541690      0.2000000E-01
  0.4740000       1.563200      0.2000000E-01
  0.4750000       1.598022      0.2000000E-01
  0.4760000       1.570123      0.2000000E-01
  0.4770000       1.552757      0.2000000E-01
  0.4780000       1.530268      0.2000000E-01
  0.4790000       1.571470      0.2000000E-01
  0.4800000       1.552626      0.2000000E-01
  0.4810000       1.576773      0.2000000E-01
  0.4820000       1.628412      0.2000000E-01
  0.4830000       1.621645      0.2000000E-01
  0.4840000       1.639488      0.2000000E-01
  0.4850000       1.637989      0.2000000E-01
  0.4860000       1.641421      0.2000000E-01
  0.4870000       1.676431      0.2000000E-01
  0.4880000       1.610218      0.2000000E-01
  0.4890000       1.669554      0.2000000E-01
  0.4900000       1.646073      0.2000000E-01
  0.4910000       1.697607      0.2000000E-01
  0.4920000       1.697988      0.2000000E-01
  0.4930000       1.681244      0.2000000E-01
  0.4940000       1.725866      0.2000000E-01
  0.4950000       1.695688      0.2000000E-01
  0.4960000       1.700375      0.2000000E-01
  0.4970000       1.703059      0.2000000E-01
  0.4980000       1.757747      0.2000000E-01
  0.4990000       1.734388      0.2000000E-01
  0.5000000       1.711837      0.2000000E-01
  0.5010000       1.751747      0.2000000E-01
  0.5020000       1.720584      0.2000000E-01
  0.5030000       1.738395      0.2000000E-01
  0.5040000       1.734533      0.2000000E-01
  0.5050000       1.710394      0.2000000E-01
  0.5060000       1.739735      0.2000000E-01
  0.5070000       1.694107      0.2000000E-01
  0.5080000       1.715638      0.2000000E-01
  0.5090000       1.689515      0.2000000E-01
  0.5100000       1.666623      0.2000000E-01
  0.5110000       1.672478      0.2000000E-01
  0.5120000       1.653544      0.2000000E-01
  0.5130000       1.651111      0.2000000E-01
  0.5140000       1.683478      0.2000000E-01
  0.5150000       1.632729      0.2000000E-01
  0.5160000       1.661026      0.2000000E-01
  0.5170000       1.634033      0.2000000E-01
  0.5180000       1.614019      0.2000000E-01
  0.5190000       1.633157      0.2000000E-01
  0.5200000       1.620869      0.2000000E-01
  0.5210000       1.602698      0.2000000E-01
  0.5220000       1.609284      0.2000000E-01
  0.5230000       1.614300      0.2000000E-01
  0.5240000       1.588052      0.2000000E-01
  0.5250000       1.579096      0.2000000E-01
  0.5260000       1.576751      0.2000000E-01
  0.5270000       1.546472      0.2000000E-01
  0.5280000       1.597992      0.2000000E-01
  0.5290000       1.588953      0.2000000E-01
  0.5300000       1.604250      0.2000000E-01
  0.5310000       1.583982      0.2000000E-01
  0.5320000       1.616102      0.2000000E-01
  0.5330000       1.571741      0.2000000E-01
  0.5340000       1.586645      0.2000000E-01
  0.5350000       1.557169      0.2000000E-01
  0.5360000       1.594641      0.2000000E-01
  0.5370000       1.554099      0.2000000E-01
  0.5380000       1.560614      0.2000000E-01
  0.5390000       1.550038      0.2000000E-01
  0.5400000       1.543656      0.2000000E-01
  0.5410000       1.573329      0.2000000E-01
  0.5420000       1.518947      0.2000000E-01
  0.5430000       1.559671      0.2000000E-01
  0.5440000       1.584994      0.2000000E-01
  0.5450000       1.555682      0.2000000E-01
  0.5460000       1.580525      0.2000000E-01
  0.5470000       1.566060      0.2000000E-01
  0.5480000       1.579020      0.2000000E-01
  0.5490000       1.563065      0.2000000E-01
  0.5500000       1.545853      0.2000000E-01
  0.5510000       1.523634      0.2000000E-01
  0.5520000       1.580761      0.2000000E-01
  0.5530000       1.566506      0.2000000E-01
  0.5540000       1.518931      0.2000000E-01
  0.5550000       1.535416      0.2000000E-01
  0.5560000       1.551814      0.2000000E-01
  0.5570000       1.541974      0.2000000E-01
  0.5580000       1.532187      0.2000000E-01
  0.5590000       1.530624      0.2000000E-01
  0.5600000       1.541720      0.2000000E-01
  0.5610000       1.516196      0.2000000E-01
  0.5620000       1.518073      0.2000000E-01
  0.5630000       1.537329      0.2000000E-01
  0.5640000       1.507021      0.2000000E-01
  0.5650000       1.524158      0.2000000E-01
  0.5660000       1.558168      0.2000000E-01
  0.5670000       1.554681      0.2000000E-01
  0.5680000       1.488956      0.2000000E-01
  0.5690000       1.535389      0.2000000E-01
  0.5700000       1.488105      0.2000000E-01
  0.5710000       1.496414      0.2000000E-01
  0.5720000       1.493684      0.2000000E-01
  0.5730000       1.504887      0.2000000E-01
  0.5740000       1.506664      0.2000000E-01
  0.5750000       1.495902      0.2000000E-01
  0.5760000       1.504387      0.2000000E-01
  0.5770000       1.468072      0.2000000E-01
  0.5780000       1.464904      0.2000000E-01
  0.5790000       1.480048      0.2000000E-01
  0.5800000       1.434528      0.2000000E-01
  0.5810000       1.472055      0.2000000E-01
  0.5820000       1.476451      0.2000000E-01
  0.5830000       1.467038      0.2000000E-01
  0.5840000       1.447360      0.2000000E-01
  0.5850000       1.433766      0.2000000E-01
  0.5860000       1.401773      0.2000000E-01
  0.5870000       1.435837      0.2000000E-01
  0.5880000       1.405595      0.2000000E-01
  0.5890000       1.375877      0.2000000E-01
  0.5900000       1.412750      0.2000000E-01
  0.5910000       1.419380      0.2000000E-01
  0.5920000       1.379410      0.2000000E-01
  0.5930000       1.369710      0.2000000E-01
  0.5940000       1.356863      0.2000000E-01
  0.5950000       1.358290      0.2000000E-01
  0.5960000       1.378221      0.2000000E-01
  0.5970000       1.381102      0.2000000E-01
  0.5980000       1.398108      0.2000000E-01
  0.5990000       1.357443      0.2000000E-01
  0.6000000       1.364249      0.2000000E-01
  0.6010000       1.390450      0.2000000E-01
  0.6020000       1.339731      0.2000000E-01
  0.6030000       1.433768      0.2000000E-01
  0.6040000       1.378437      0.2000000E-01
  0.6050000       1.377106      0.2000000E-01
  0.6060000       1.388446      0.2000000E-01
  0.6070000       1.397345      0.2000000E-01
  0.6080000       1.411427      0.2000000E-01
  0.6090000       1.418971      0.2000000E-01
  0.6100000       1.429509      0.2000000E-01
  0.6110000       1.443037      0.2000000E-01
  0.6120000       1.477508      0.2000000E-01
  0.6130000       1.475807      0.2000000E-01
  0.6140000       1.485247      0.2000000E-01
  0.6150000       1.440439      0.2000000E-01
  0.6160000       1.499142      0.2000000E-01
  0.6170000       1.488744      0.2000000E-01
  0.6180000       1.522006      0.2000000E-01
  0.6190000       1.520094      0.2000000E-01
  0.6200000       1.512459      0.2000000E-01
  0.6210000       1.517216      0.2000000E-01
  0.6220000       1.527583      0.2000000E-01
  0.6230000       1.535232      0.2000000E-01
  0.6240000       1.537497      0.2000000E-01
  0.6250000       1.543991      0.2000000E-01
  0.6260000       1.524740      0.2000000E-01
  0.6270000       1.579683      0.2000000E-01
  0.6280000       1.565176      0.2000000E-01
  0.6290000       1.570626      0.2000000E-01
  0.6300000       1.562697      0.2000000E-01
  0.6310000       1.604158      0.2000000E-01
  0.6320000       1.611380      0.2000000E-01
  0.6330000       1.582459      0.2000000E-01
  0.6340000       1.609653      0.2000000E-01
  0.6350000       1.584528      0.2000000E-01
  0.6360000       1.602909      0.2000000E-01
  0.6370000       1.619794      0.2000000E-01
  0.6380000       1.592680      0.2000000E-01
  0.6390000       1.609981      0.2000000E-01
  0.6400000       1.639569      0.2000000E-01
  0.6410000       1.662361      0.2000000E-01
  0.6420000       1.667650      0.2000000E-01
  0.6430000       1.624137      0.2000000E-01
  0.6440000       1.637732      0.2000000E-01
  0.6450000       1.644387      0.2000000E-01
  0.6460000       1.630814      0.2000000E-01
  0.6470000       1.643755      0.2000000E-01
  0.6480000       1.645051      0.2000000E-01
  0.6490000       1.664526      0.2000000E-01
  0.6500000       1.639789      0.2000000E-01
  0.6510000       1.656310      0.2000000E-01
  0.6520000       1.641080      0.2000000E-01
  0.6530000       1.669842      0.2000000E-01
  0.6540000       1.621703      0.2000000E-01
  0.6550000       1.621547      0.2000000E-01
  0.6560000       1.666345      0.2000000E-01
  0.6570000       1.676992      0.2000000E-01
  0.6580000       1.654515      0.2000000E-01
  0.6590000       1.680917      0.2000000E-01
  0.6600000       1.688555      0.2000000E-01
  0.6610000       1.662507      0.2000000E-01
  0.6620000       1.697061      0.2000000E-01
  0.6630000       1.690389      0.2000000E-01
  0.6640000       1.739596      0.2000000E-01
  0.6650000       1.696122      0.2000000E-01
  0.6660000       1.712212      0.2000000E-01
  0.6670000       1.705789      0.2000000E-01
  0.6680000       1.712515      0.2000000E-01
  0.6690000       1.716047      0.2000000E-01
  0.6700000       1.753132      0.2000000E-01
  0.6710000       1.741814      0.2000000E-01
  0.6720000       1.744235      0.2000000E-01
  0.6730000       1.732417      0.2000000E-01
  0.6740000       1.750947      0.2000000E-01
  0.6750000       1.741955      0.2000000E-01
  0.6760000       1.758650      0.2000000E-01
  0.6770000       1.784834      0.2000000E-01
  0.6780000       1.813294      0.2000000E-01
  0.6790000       1.731668      0.2000000E-01
  0.6800000       1.808486      0.2000000E-01
  0.6810000       1.810086      0.2000000E-01
  0.6820000       1.789322      0.2000000E-01
  0.6830000       1.805535      0.2000000E-01
  0.6840000       1.794510      0.2000000E-01
  0.6850000       1.819480      0.2000000E-01
  0.6860000       1.828856      0.2000000E-01
  0.6870000       1.828733      0.2000000E-01
  0.6880000       1.865729      0.2000000E-01
  0.6890000       1.862485      0.2000000E-01
  0.6900000       1.852133      0.2000000E-01
  0.6910000       1.859315      0.2000000E-01
  0.6920000       1.925794      0.2000000E-01
  0.6930000       1.913585      0.2000000E-01
  0.6940000       1.875467      0.2000000E-01
  0.6950000       1.932758      0.2000000E-01
  0.6960000       1.926036      0.2000000E-01
  0.6970000       1.920835      0.2000000E-01
  0.6980000       1.932835      0.2000000E-01
  0.6990000       1.944085      0.2000000E-01
  0.7000000       1.937547      0.2000000E-01
  0.7010000       1.956105      0.2000000E-01
  0.7020000       1.932763      0.2000000E-01
  0.7030000       1.902912      0.2000000E-01
  0.7040000       1.897605      0.2000000E-01
  0.7050000       1.935096      0.2000000E-01
  0.7060000       1.896985      0.2000000E-01
  0.7070000       1.930780      0.2000000E-01
  0.7080000       1.912359      0.2000000E-01
  0.7090000       1.903278      0.2000000E-01
  0.7100000       1.896261      0.2000000E-01
  0.7110000       1.897689      0.2000000E-01
  0.7120000       1.883236      0.2000000E-01
  0.7130000       1.873088      0.2000000E-01
  0.7140000       1.841695      0.2000000E-01
  0.7150000       1.805667      0.2000000E-01
  0.7160000       1.856745      0.2000000E-01
  0.7170000       1.842610      0.2000000E-01
  0.7180000       1.825179      0.2000000E-01
  0.7190000       1.782154      0.2000000E-01
  0.7200000       1.799643      0.2000000E-01
  0.7210000       1.811668      0.2000000E-01
  0.7220000       1.787878      0.2000000E-01
  0.7230000       1.838234      0.2000000E-01
  0.7240000       1.787843      0.2000000E-01
  0.7250000       1.815745      0.2000000E-01
  0.7260000       1.806711      0.2000000E-01
  0.7270000       1.824009      0.2000000E-01
  0.7280000       1.784187      0.2000000E-01
  0.7290000       1.748707      0.2000000E-01
  0.7300000       1.801057      0.2000000E-01
  0.7310000       1.758330      0.2000000E-01
  0.7320000       1.803210      0.2000000E-01
  0.7330000       1.760086      0.2000000E-01
  0.7340000       1.785785      0.2000000E-01
  0.7350000       1.732400      0.2000000E-01
  0.7360000       1.770431      0.2000000E-01
  0.7370000       1.800910      0.2000000E-01
  0.7380000       1.772520      0.2000000E-01
  0.7390000       1.775264      0.2000000E-01
  0.7400000       1.753486      0.2000000E-01
  0.7410000       1.735492      0.2000000E-01
  0.7420000       1.752045      0.2000000E-01
  0.7430000       1.764299      0.2000000E-01
  0.7440000       1.784425      0.2000000E-01
  0.7450000       1.748470      0.2000000E-01
  0.7460000       1.771320      0.2000000E-01
  0.7470000       1.752013      0.2000000E-01
  0.7480000       1.776113      0.2000000E-01
  0.7490000       1.738334      0.2000000E-01
  0.7500000       1.766148      0.2000000E-01
  0.7510000       1.751487      0.2000000E-01
  0.7520000       1.778307      0.2000000E-01
  0.7530000       1.729157      0.2000000E-01
  0.7540000       1.763502      0.2000000E-01
  0.7550000       1.737371      0.2000000E-01
  0.7560000       1.730856      0.2000000E-01
  0.7570000       1.763075      0.2000000E-01
  0.7580000       1.746733      0.2000000E-01
  0.7590000       1.762493      0.2000000E-01
  0.7600000       1.712719      0.2000000E-01
  0.7610000       1.711811      0.2000000E-01
  0.7620000       1.751212      0.2000000E-01
  0.7630000       1.743385      0.2000000E-01
  0.7640000       1.743626      0.2000000E-01
  0.7650000       1.719362      0.2000000E-01
  0.7660000       1.744108      0.2000000E-01
  0.7670000       1.733528      0.2000000E-01
  0.7680000       1.740133      0.2000000E-01
  0.7690000       1.729229      0.2000000E-01
  0.7700000       1.742284      0.2000000E-01
  0.7710000       1.713213      0.2000000E-01
  0.7720000       1.722785      0.2000000E-01
  0.7730000       1.715330      0.2000000E-01
  0.7740000       1.717756      0.2000000E-01
  0.7750000       1.732117      0.2000000E-01
  0.7760000       1.706031      0.2000000E-01
  0.7770000       1.689592      0.2000000E-01
  0.7780000       1.671042      0.2000000E-01
  0.7790000       1.668733      0.2000000E-01
  0.7800000       1.686508      0.2000000E-01
  0.7810000       1.642926      0.2000000E-01
  0.7820000       1.674652      0.2000000E-01
  0.7830000       1.626821      0.2000000E-01
  0.7840000       1.673881      0.2000000E-01
  0.7850000       1.617406      0.2000000E-01
  0.7860000       1.643447      0.2000000E-01
  0.7870000       1.617905      0.2000000E-01
  0.7880000       1.624930      0.2000000E-01
  0.7890000       1.596422      0.2000000E-01
  0.7900000       1.594622      0.2000000E-01
  0.7910000       1.581838      0.2000000E-01
  0.7920000       1.588535      0.2000000E-01
  0.7930000       1.572468      0.2000000E-01
  0.7940000       1.605839      0.2000000E-01
  0.7950000       1.617141      0.2000000E-01
  0.7960000       1.590122      0.2000000E-01
  0.7970000       1.581966      0.2000000E-01
  0.7980000       1.555935      0.2000000E-01
  0.7990000       1.559308      0.2000000E-01
  0.8000000       1.544811      0.2000000E-01
  0.8010000       1.543733      0.2000000E-01
  0.8020000       1.564116      0.2000000E-01
  0.8030000       1.573366      0.2000000E-01
  0.8040000       1.631806      0.2000000E-01
  0.8050000       1.572229      0.2000000E-01
  0.8060000       1.536500      0.2000000E-01
  0.8070000       1.628826      0.2000000E-01
  0.8080000       1.607437      0.2000000E-01
  0.8090000       1.624563      0.2000000E-01
  0.8100000       1.638273      0.2000000E-01
  0.8110000       1.631933      0.2000000E-01
  0.8120000       1.647363      0.2000000E-01
  0.8130000       1.653380      0.2000000E-01
  0.8140000       1.639965      0.2000000E-01
  0.8150000       1.688897      0.2000000E-01
  0.8160000       1.662505      0.2000000E-01
  0.8170000       1.687761      0.2000000E-01
  0.8180000       1.699918      0.2000000E-01
  0.8190000       1.690018      0.2000000E-01
  0.8200000       1.701738      0.2000000E-01
  0.8210000       1.749952      0.2000000E-01
  0.8220000       1.743479      0.2000000E-01
  0.8230000       1.757875      0.2000000E-01
  0.8240000       1.728891      0.2000000E-01
  0.8250000       1.718982      0.2000000E-01
  0.8260000       1.771759      0.2000000E-01
  0.8270000       1.752920      0.2000000E-01
  0.8280000       1.808903      0.2000000E-01
  0.8290000       1.773393      0.2000000E-01
  0.8300000       1.794886      0.2000000E-01
  0.8310000       1.731996      0.2000000E-01
  0.8320000       1.792347      0.2000000E-01
  0.8330000       1.803492      0.2000000E-01
  0.8340000       1.821895      0.2000000E-01
  0.8350000       1.805909      0.2000000E-01
  0.8360000       1.804780      0.2000000E-01
  0.8370000       1.821445      0.2000000E-01
  0.8380000       1.841913      0.2000000E-01
  0.8390000       1.818403      0.2000000E-01
  0.8400000       1.811722      0.2000000E-01
  0.8410000       1.840390      0.2000000E-01
  0.8420000       1.861427      0.2000000E-01
  0.8430000       1.791666      0.2000000E-01
  0.8440000       1.824257      0.2000000E-01
  0.8450000       1.813126      0.2000000E-01
  0.8460000       1.833574      0.2000000E-01
  0.8470000       1.833408      0.2000000E-01
  0.8480000       1.874114      0.2000000E-01
  0.8490000       1.839775      0.2000000E-01
  0.8500000       1.828038      0.2000000E-01
  0.8510000       1.831146      0.2000000E-01
  0.8520000       1.861503      0.2000000E-01
  0.8530000       1.836976      0.2000000E-01
  0.8540000       1.847090      0.2000000E-01
  0.8550000       1.883254      0.2000000E-01
  0.8560000       1.884182      0.2000000E-01
  0.8570000       1.908006      0.2000000E-01
  0.8580000       1.868635      0.2000000E-01
  0.8590000       1.878609      0.2000000E-01
  0.8600000       1.899016      0.2000000E-01
  0.8610000       1.915230      0.2000000E-01
  0.8620000       1.918059      0.2000000E-01
  0.8630000       1.897804      0.2000000E-01
  0.8640000       1.890378      0.2000000E-01
  0.8650000       1.902024      0.2000000E-01
  0.8660000       1.894456      0.2000000E-01
  0.8670000       1.939790      0.2000000E-01
  0.8680000       1.917905      0.2000000E-01
  0.8690000       1.890965      0.2000000E-01
  0.8700000       1.931937      0.2000000E-01
  0.8710000       1.980744      0.2000000E-01
  0.8720000       1.955972      0.2000000E-01
  0.8730000       1.970581      0.2000000E-01
  0.8740000       1.927931      0.2000000E-01
  0.8750000       1.965445      0.2000000E-01
  0.8760000       1.974995      0.2000000E-01
  0.8770000       1.972682      0.2000000E-01
  0.8780000       1.987086      0.2000000E-01
  0.8790000       2.014520      0.2000000E-01
  0.8800000       2.004330      0.2000000E-01
  0.8810000       1.987850      0.2000000E-01
  0.8820000       1.979908      0.2000000E-01
  0.8830000       1.988656      0.2000000E-01
  0.8840000       2.007514      0.2000000E-01
  0.8850000       2.014526      0.2000000E-01
  0.8860000       2.048191      0.2000000E-01
  0.8870000       2.053048      0.2000000E-01
  0.8880000       2.027727      0.2000000E-01
  0.8890000       2.081098      0.2000000E-01
  0.8900000       2.062982      0.2000000E-01
  0.8910000       2.081902      0.2000000E-01
  0.8920000       2.131638      0.2000000E-01
  0.8930000       2.084032      0.2000000E-01
  0.8940000       2.101000      0.2000000E-01
  0.8950000       2.086070      0.2000000E-01
  0.8960000       2.121292      0.2000000E-01
  0.8970000       2.112960      0.2000000E-01
  0.8980000       2.146033      0.2000000E-01
  0.8990000       2.141256      0.2000000E-01
  0.9000000       2.146665      0.2000000E-01
  0.9010000       2.130373      0.2000000E-01
  0.9020000       2.153556      0.2000000E-01
  0.9030000       2.178566      0.2000000E-01
  0.9040000       2.131007      0.2000000E-01
  0.9050000       2.109772      0.2000000E-01
  0.9060000       2.116835      0.2000000E-01
  0.9070000       2.096276      0.2000000E-01
  0.9080000       2.117130      0.2000000E-01
  0.9090000       2.108868      0.2000000E-01
  0.9100000       2.100149      0.2000000E-01
  0.9110000       2.063725      0.2000000E-01
  0.9120000       2.081899      0.2000000E-01
  0.9130000       2.103988      0.2000000E-01
  0.9140000       2.028363      0.2000000E-01
  0.9150000       2.057866      0.2000000E-01
  0.9160000       2.042357      0.2000000E-01
  0.9170000       2.039645      0.2000000E-01
  0.9180000       2.039281      0.2000000E-01
  0.9190000       2.050994      0.2000000E-01
  0.9200000       2.028845      0.2000000E-01
  0.9210000       2.026502      0.2000000E-01
  0.9220000       2.037762      0.2000000E-01
  0.9230000       2.058645      0.2000000E-01
  0.9240000       2.004588      0.2000000E-01
  0.9250000       2.030877      0.2000000E-01
  0.9260000       1.995823      0.2000000E-01
  0.9270000       2.035168      0.2000000E-01
  0.9280000       2.018814      0.2000000E-01
  0.9290000       2.009003      0.2000000E-01
  0.9300000       2.029172      0.2000000E-01
  0.9310000       2.011376      0.2000000E-01
  0.9320000       1.991852      0.2000000E-01
  0.9330000       1.965669      0.2000000E-01
  0.9340000       1.980501      0.2000000E-01
  0.9350000       1.992566      0.2000000E-01
  0.9360000       1.957102      0.2000000E-01
  0.9370000       1.984634      0.2000000E-01
  0.9380000       1.993552      0.2000000E-01
  0.9390000       1.988699      0.2000000E-01
  0.9400000       1.991838      0.2000000E-01
  0.9410000       1.994393      0.2000000E-01
  0.9420000       1.994805      0.2000000E-01
  0.9430000       1.990595      0.2000000E-01
  0.9440000       1.986394      0.2000000E-01
  0.9450000       1.991122      0.2000000E-01
  0.9460000       1.974902      0.2000000E-01
  0.9470000       1.971391      0.2000000E-01
  0.9480000       2.007004      0.2000000E-01
  0.9490000       1.978613      0.2000000E-01
  0.9500000       1.999248      0.2000000E-01
  0.9510000       2.037774      0.2000000E-01
  0.9520000       1.963534      0.2000000E-01
  0.9530000       1.990387      0.2000000E-01
  0.9540000       2.013430      0.2000000E-01
  0.9550000       2.018025      0.2000000E-01
  0.9560000       2.006331      0.2000000E-01
  0.9570000       1.969835      0.2000000E-01
  0.9580000       1.980552      0.2000000E-01
  0.9590000       1.960215      0.2000000E-01
  0.9600000       1.993323      0.2000000E-01
  0.9610000       1.974366      0.2000000E-01
  0.9620000       2.013435      0.2000000E-01
  0.9630000       1.984367      0.2000000E-01
  0.9640000       1.996667      0.2000000E-01
  0.9650000       2.013271      0.2000000E-01
  0.9660000       1.981924      0.2000000E-01
  0.9670000       2.021946      0.2000000E-01
  0.9680000       1.989911      0.2000000E-01
  0.9690000       1.985998      0.2000000E-01
  0.9700000       2.008520      0.2000000E-01
  0.9710000       1.972128      0.2000000E-01
  0.9720000       1.996618      0.2000000E-01
  0.9730000       2.002817      0.2000000E-01
  0.9740000       1.963350      0.2000000E-01
  0.9750000       1.977699      0.2000000E-01
  0.9760000       1.981170      0.2000000E-01
  0.9770000       1.993482      0.2000000E-01
  0.9780000       2.007413      0.2000000E-01
  0.9790000       1.998925      0.2000000E-01
  0.9800000       1.970683      0.2000000E-01
  0.9810000       2.000565      0.2000000E-01
  0.9820000       1.994751      0.2000000E-01
  0.9830000       1.958054      0.2000000E-01
  0.9840000       2.016602      0.2000000E-01
  0.9850000       1.992442      0.2000000E-01
  0.9860000       2.000440      0.2000000E-01
  0.9870000       2.020826      0.2000000E-01
  0.9880000       1.985552      0.2000000E-01
  0.9890000       1.978298      0.2000000E-01
  0.9900000       2.017558      0.2000000E-01
  0.9910000       2.023314      0.2000000E-01
  0.9920000       2.001994      0.2000000E-01
  0.9930000       2.007416      0.2000000E-01
  0.9940000       1.994397      0.2000000E-01
  0.9950000       2.036085      0.2000000E-01
  0.9960000       2.008391      0.2000000E-01
  0.9970000       1.980739      0.2000000E-01
  0.9980000       2.014317      0.2000000E-01
  0.9990000       1.999327      0.2000000E-01
   1.000000       2.008418      0.2000000E-01
   1.001000       2.018806      0.2000000E-01



